84	84	680
1	1	2.91456
2	1	1.62928
3	1	-0.733673
4	1	-0.0763594
19	1	-0.340903
20	1	-1.63745
21	1	-0.168873
22	1	-0.345029
1	2	1.62928
2	2	2.94356
3	2	-1.71483
4	2	-0.370372
19	2	-0.167932
20	2	-0.801504
21	2	-0.311979
22	2	-0.663475
1	3	-0.733673
2	3	-1.71483
3	3	4.70508
4	3	1.87806
5	3	-1.87229
6	3	-0.860718
1	4	-0.0763594
2	4	-0.370372
3	4	1.87806
4	4	4.48091
5	4	-0.362312
6	4	-0.285615
3	5	-1.87229
4	5	-0.362312
5	5	3.22248
6	5	1.89237
7	5	-0.732657
8	5	-0.30384
9	5	-0.255402
10	5	-0.970792
3	6	-0.860718
4	6	-0.285615
5	6	1.89237
6	6	3.38847
7	6	-0.36896
8	6	-0.108155
9	6	-0.549199
10	6	-2.12763
5	7	-0.732657
6	7	-0.36896
7	7	2.91456
8	7	1.62928
9	7	-0.733673
10	7	-0.0763594
25	7	-0.340903
26	7	-1.63745
27	7	-0.168873
28	7	-0.345029
5	8	-0.30384
6	8	-0.108155
7	8	1.62928
8	8	2.94356
9	8	-1.71483
10	8	-0.370372
25	8	-0.167932
26	8	-0.801504
27	8	-0.311979
28	8	-0.663475
5	9	-0.255402
6	9	-0.549199
7	9	-0.733673
8	9	-1.71483
9	9	4.70508
10	9	1.87806
11	9	-1.87229
12	9	-0.860718
5	10	-0.970792
6	10	-2.12763
7	10	-0.0763594
8	10	-0.370372
9	10	1.87806
10	10	4.48091
11	10	-0.362312
12	10	-0.285615
9	11	-1.87229
10	11	-0.362312
11	11	3.22248
12	11	1.89237
13	11	-0.732657
14	11	-0.30384
15	11	-0.255402
16	11	-0.970792
9	12	-0.860718
10	12	-0.285615
11	12	1.89237
12	12	3.38847
13	12	-0.36896
14	12	-0.108155
15	12	-0.549199
16	12	-2.12763
11	13	-0.732657
12	13	-0.36896
13	13	2.91456
14	13	1.62928
15	13	-0.733673
16	13	-0.0763594
31	13	-0.340903
32	13	-1.63745
11	14	-0.30384
12	14	-0.108155
13	14	1.62928
14	14	2.94356
15	14	-1.71483
16	14	-0.370372
31	14	-0.167932
32	14	-0.801504
11	15	-0.255402
12	15	-0.549199
13	15	-0.733673
14	15	-1.71483
15	15	4.70508
16	15	1.87806
11	16	-0.970792
12	16	-2.12763
13	16	-0.0763594
14	16	-0.370372
15	16	1.87806
16	16	4.48091
17	17	2.95471
18	17	1.68667
19	17	-0.780849
20	17	-0.1339
33	17	-0.377276
34	17	-1.69145
35	17	-0.117735
36	17	-0.354209
17	18	1.68667
18	18	2.93878
19	18	-1.67372
20	18	-0.316868
33	18	-0.142007
34	18	-0.795719
35	18	-0.334624
36	18	-0.765368
1	19	-0.340903
2	19	-0.167932
17	19	-0.780849
18	19	-1.67372
19	19	4.5526
20	19	1.82568
21	19	-1.70873
22	19	-0.791038
1	20	-1.63745
2	20	-0.801504
17	20	-0.1339
18	20	-0.316868
19	20	1.82568
20	20	4.50247
21	20	-0.334156
22	20	-0.147002
1	21	-0.168873
2	21	-0.311979
19	21	-1.70873
20	21	-0.334156
21	21	2.99067
22	21	1.71
23	21	-0.680554
24	21	-0.330483
25	21	-0.179223
26	21	-0.835532
1	22	-0.345029
2	22	-0.663475
19	22	-0.791038
20	22	-0.147002
21	22	1.71
22	22	3.01585
23	22	-0.343164
24	22	-0.186249
25	22	-0.348379
26	22	-1.74107
21	23	-0.680554
22	23	-0.343164
23	23	2.95472
24	23	1.68667
25	23	-0.780849
26	23	-0.1339
37	23	-0.377276
38	23	-1.69145
39	23	-0.117735
40	23	-0.354209
21	24	-0.330483
22	24	-0.186249
23	24	1.68667
24	24	2.93878
25	24	-1.67372
26	24	-0.316868
37	24	-0.142007
38	24	-0.795719
39	24	-0.334624
40	24	-0.765368
7	25	-0.340903
8	25	-0.167932
21	25	-0.179223
22	25	-0.348379
23	25	-0.780849
24	25	-1.67372
25	25	4.5526
26	25	1.82568
27	25	-1.70873
28	25	-0.791038
7	26	-1.63745
8	26	-0.801504
21	26	-0.835532
22	26	-1.74107
23	26	-0.1339
24	26	-0.316868
25	26	1.82568
26	26	4.50247
27	26	-0.334156
28	26	-0.147002
7	27	-0.168873
8	27	-0.311979
25	27	-1.70873
26	27	-0.334156
27	27	2.99067
28	27	1.71
29	27	-0.680554
30	27	-0.330483
31	27	-0.179223
32	27	-0.835532
7	28	-0.345029
8	28	-0.663475
25	28	-0.791038
26	28	-0.147002
27	28	1.71
28	28	3.01585
29	28	-0.343164
30	28	-0.186249
31	28	-0.348379
32	28	-1.74107
27	29	-0.680554
28	29	-0.343164
29	29	2.95471
30	29	1.68667
31	29	-0.780849
32	29	-0.1339
41	29	-0.377276
42	29	-1.69145
27	30	-0.330483
28	30	-0.186249
29	30	1.68667
30	30	2.93878
31	30	-1.67372
32	30	-0.316868
41	30	-0.142007
42	30	-0.795719
13	31	-0.340903
14	31	-0.167932
27	31	-0.179223
28	31	-0.348379
29	31	-0.780849
30	31	-1.67372
31	31	4.5526
32	31	1.82568
13	32	-1.63745
14	32	-0.801504
27	32	-0.835532
28	32	-1.74107
29	32	-0.1339
30	32	-0.316868
31	32	1.82568
32	32	4.50247
17	33	-0.377276
18	33	-0.142007
33	33	4.38331
34	33	1.8614
35	33	-1.97687
36	33	-0.89293
17	34	-1.69145
18	34	-0.795719
33	34	1.8614
34	34	4.59888
35	34	-0.507739
36	34	-0.202156
17	35	-0.117735
18	35	-0.334624
33	35	-1.97687
34	35	-0.507739
35	35	3.28073
36	35	1.86102
37	35	-0.306795
38	35	-0.867954
17	36	-0.354209
18	36	-0.765368
33	36	-0.89293
34	36	-0.202156
35	36	1.86102
36	36	3.22335
37	36	-0.345072
38	36	-1.83196
23	37	-0.377276
24	37	-0.142007
35	37	-0.306795
36	37	-0.345072
37	37	4.38331
38	37	1.8614
39	37	-1.97687
40	37	-0.89293
23	38	-1.69145
24	38	-0.795719
35	38	-0.867954
36	38	-1.83196
37	38	1.8614
38	38	4.59888
39	38	-0.507739
40	38	-0.202156
23	39	-0.117735
24	39	-0.334624
37	39	-1.97687
38	39	-0.507739
39	39	3.28073
40	39	1.86102
41	39	-0.306795
42	39	-0.867954
23	40	-0.354209
24	40	-0.765368
37	40	-0.89293
38	40	-0.202156
39	40	1.86102
40	40	3.22335
41	40	-0.345072
42	40	-1.83196
29	41	-0.377276
30	41	-0.142007
39	41	-0.306795
40	41	-0.345072
41	41	4.38331
42	41	1.8614
29	42	-1.69145
30	42	-0.795719
39	42	-0.867954
40	42	-1.83196
41	42	1.8614
42	42	4.59888
43	43	2.91456
44	43	1.62928
45	43	-0.733673
46	43	-0.0763594
61	43	-0.340903
62	43	-1.63745
63	43	-0.168873
64	43	-0.345029
43	44	1.62928
44	44	2.94356
45	44	-1.71483
46	44	-0.370372
61	44	-0.167932
62	44	-0.801504
63	44	-0.311979
64	44	-0.663475
43	45	-0.733673
44	45	-1.71483
45	45	4.70508
46	45	1.87806
47	45	-1.87229
48	45	-0.860718
43	46	-0.0763594
44	46	-0.370372
45	46	1.87806
46	46	4.48091
47	46	-0.362312
48	46	-0.285615
45	47	-1.87229
46	47	-0.362312
47	47	3.22248
48	47	1.89237
49	47	-0.732657
50	47	-0.30384
51	47	-0.255402
52	47	-0.970792
45	48	-0.860718
46	48	-0.285615
47	48	1.89237
48	48	3.38847
49	48	-0.36896
50	48	-0.108155
51	48	-0.549199
52	48	-2.12763
47	49	-0.732657
48	49	-0.36896
49	49	2.91456
50	49	1.62928
51	49	-0.733673
52	49	-0.0763594
67	49	-0.340903
68	49	-1.63745
69	49	-0.168873
70	49	-0.345029
47	50	-0.30384
48	50	-0.108155
49	50	1.62928
50	50	2.94356
51	50	-1.71483
52	50	-0.370372
67	50	-0.167932
68	50	-0.801504
69	50	-0.311979
70	50	-0.663475
47	51	-0.255402
48	51	-0.549199
49	51	-0.733673
50	51	-1.71483
51	51	4.70508
52	51	1.87806
53	51	-1.87229
54	51	-0.860718
47	52	-0.970792
48	52	-2.12763
49	52	-0.0763594
50	52	-0.370372
51	52	1.87806
52	52	4.48091
53	52	-0.362312
54	52	-0.285615
51	53	-1.87229
52	53	-0.362312
53	53	3.22248
54	53	1.89237
55	53	-0.732657
56	53	-0.30384
57	53	-0.255402
58	53	-0.970792
51	54	-0.860718
52	54	-0.285615
53	54	1.89237
54	54	3.38847
55	54	-0.36896
56	54	-0.108155
57	54	-0.549199
58	54	-2.12763
53	55	-0.732657
54	55	-0.36896
55	55	2.91456
56	55	1.62928
57	55	-0.733673
58	55	-0.0763594
73	55	-0.340903
74	55	-1.63745
53	56	-0.30384
54	56	-0.108155
55	56	1.62928
56	56	2.94356
57	56	-1.71483
58	56	-0.370372
73	56	-0.167932
74	56	-0.801504
53	57	-0.255402
54	57	-0.549199
55	57	-0.733673
56	57	-1.71483
57	57	4.70508
58	57	1.87806
53	58	-0.970792
54	58	-2.12763
55	58	-0.0763594
56	58	-0.370372
57	58	1.87806
58	58	4.48091
59	59	2.95471
60	59	1.68667
61	59	-0.780849
62	59	-0.1339
75	59	-0.377276
76	59	-1.69145
77	59	-0.117735
78	59	-0.354209
59	60	1.68667
60	60	2.93878
61	60	-1.67372
62	60	-0.316868
75	60	-0.142007
76	60	-0.795719
77	60	-0.334624
78	60	-0.765368
43	61	-0.340903
44	61	-0.167932
59	61	-0.780849
60	61	-1.67372
61	61	4.5526
62	61	1.82568
63	61	-1.70873
64	61	-0.791038
43	62	-1.63745
44	62	-0.801504
59	62	-0.1339
60	62	-0.316868
61	62	1.82568
62	62	4.50247
63	62	-0.334156
64	62	-0.147002
43	63	-0.168873
44	63	-0.311979
61	63	-1.70873
62	63	-0.334156
63	63	2.99067
64	63	1.71
65	63	-0.680554
66	63	-0.330483
67	63	-0.179223
68	63	-0.835532
43	64	-0.345029
44	64	-0.663475
61	64	-0.791038
62	64	-0.147002
63	64	1.71
64	64	3.01585
65	64	-0.343164
66	64	-0.186249
67	64	-0.348379
68	64	-1.74107
63	65	-0.680554
64	65	-0.343164
65	65	2.95472
66	65	1.68667
67	65	-0.780849
68	65	-0.1339
79	65	-0.377276
80	65	-1.69145
81	65	-0.117735
82	65	-0.354209
63	66	-0.330483
64	66	-0.186249
65	66	1.68667
66	66	2.93878
67	66	-1.67372
68	66	-0.316868
79	66	-0.142007
80	66	-0.795719
81	66	-0.334624
82	66	-0.765368
49	67	-0.340903
50	67	-0.167932
63	67	-0.179223
64	67	-0.348379
65	67	-0.780849
66	67	-1.67372
67	67	4.5526
68	67	1.82568
69	67	-1.70873
70	67	-0.791038
49	68	-1.63745
50	68	-0.801504
63	68	-0.835532
64	68	-1.74107
65	68	-0.1339
66	68	-0.316868
67	68	1.82568
68	68	4.50247
69	68	-0.334156
70	68	-0.147002
49	69	-0.168873
50	69	-0.311979
67	69	-1.70873
68	69	-0.334156
69	69	2.99067
70	69	1.71
71	69	-0.680554
72	69	-0.330483
73	69	-0.179223
74	69	-0.835532
49	70	-0.345029
50	70	-0.663475
67	70	-0.791038
68	70	-0.147002
69	70	1.71
70	70	3.01585
71	70	-0.343164
72	70	-0.186249
73	70	-0.348379
74	70	-1.74107
69	71	-0.680554
70	71	-0.343164
71	71	2.95471
72	71	1.68667
73	71	-0.780849
74	71	-0.1339
83	71	-0.377276
84	71	-1.69145
69	72	-0.330483
70	72	-0.186249
71	72	1.68667
72	72	2.93878
73	72	-1.67372
74	72	-0.316868
83	72	-0.142007
84	72	-0.795719
55	73	-0.340903
56	73	-0.167932
69	73	-0.179223
70	73	-0.348379
71	73	-0.780849
72	73	-1.67372
73	73	4.5526
74	73	1.82568
55	74	-1.63745
56	74	-0.801504
69	74	-0.835532
70	74	-1.74107
71	74	-0.1339
72	74	-0.316868
73	74	1.82568
74	74	4.50247
59	75	-0.377276
60	75	-0.142007
75	75	4.38331
76	75	1.8614
77	75	-1.97687
78	75	-0.89293
59	76	-1.69145
60	76	-0.795719
75	76	1.8614
76	76	4.59888
77	76	-0.507739
78	76	-0.202156
59	77	-0.117735
60	77	-0.334624
75	77	-1.97687
76	77	-0.507739
77	77	3.28073
78	77	1.86102
79	77	-0.306795
80	77	-0.867954
59	78	-0.354209
60	78	-0.765368
75	78	-0.89293
76	78	-0.202156
77	78	1.86102
78	78	3.22335
79	78	-0.345072
80	78	-1.83196
65	79	-0.377276
66	79	-0.142007
77	79	-0.306795
78	79	-0.345072
79	79	4.38331
80	79	1.8614
81	79	-1.97687
82	79	-0.89293
65	80	-1.69145
66	80	-0.795719
77	80	-0.867954
78	80	-1.83196
79	80	1.8614
80	80	4.59888
81	80	-0.507739
82	80	-0.202156
65	81	-0.117735
66	81	-0.334624
79	81	-1.97687
80	81	-0.507739
81	81	3.28073
82	81	1.86102
83	81	-0.306795
84	81	-0.867954
65	82	-0.354209
66	82	-0.765368
79	82	-0.89293
80	82	-0.202156
81	82	1.86102
82	82	3.22335
83	82	-0.345072
84	82	-1.83196
71	83	-0.377276
72	83	-0.142007
81	83	-0.306795
82	83	-0.345072
83	83	4.38331
84	83	1.8614
71	84	-1.69145
72	84	-0.795719
81	84	-0.867954
82	84	-1.83196
83	84	1.8614
84	84	4.59888
