126	126	1530
1	1	4.08989
2	1	1.45124
3	1	0.807923
4	1	-0.679962
5	1	-0.29325
6	1	-0.153258
28	1	-0.449299
29	1	-2.47949
30	1	-0.323681
31	1	-0.024869
32	1	-0.209037
33	1	-0.0308842
1	2	1.45124
2	2	4.02521
3	2	0.794998
4	2	-2.45321
5	2	-0.393531
6	2	-0.308314
28	2	-0.269719
29	2	-0.695798
30	2	-0.157595
31	2	-0.202199
32	2	-1.00621
33	2	-0.158225
1	3	0.807923
2	3	0.794998
3	3	0.283821
4	3	-0.437921
5	3	-0.123443
6	3	-0.0758775
28	3	-0.126895
29	3	-0.454396
30	3	-0.0798769
31	3	-0.0307232
32	3	-0.163853
33	3	-0.0253082
1	4	-0.679962
2	4	-2.45321
3	4	-0.437921
4	4	6.24128
5	4	2.00126
6	4	1.03444
7	4	-2.68098
8	4	-0.75276
9	4	-0.485207
1	5	-0.29325
2	5	-0.393531
3	5	-0.123443
4	5	2.00126
5	5	6.26423
6	5	1.05256
7	5	-0.535477
8	5	-0.312852
9	5	-0.15436
1	6	-0.153258
2	6	-0.308314
3	6	-0.0758775
4	6	1.03444
5	6	1.05256
6	6	0.349085
7	6	-0.359077
8	6	-0.193741
9	6	-0.0944359
4	7	-2.68098
5	7	-0.535477
6	7	-0.359077
7	7	4.33816
8	7	1.54611
9	7	0.850536
10	7	-1.04892
11	7	-0.224203
12	7	-0.167204
13	7	-0.320582
14	7	-0.735721
15	7	-0.184353
4	8	-0.75276
5	8	-0.312852
6	8	-0.193741
7	8	1.54611
8	8	4.78744
9	8	0.901198
10	8	-0.16444
11	8	-0.0589025
12	8	-0.0275433
13	8	-0.550275
14	8	-3.16218
15	8	-0.4209
4	9	-0.485207
5	9	-0.15436
6	9	-0.0944359
7	9	0.850536
8	9	0.901198
9	9	0.304912
10	9	-0.15685
11	9	-0.0361203
12	9	-0.0259758
13	9	-0.153818
14	9	-0.52923
15	9	-0.0971847
7	10	-1.04892
8	10	-0.16444
9	10	-0.15685
10	10	4.08989
11	10	1.45124
12	10	0.807923
13	10	-0.679962
14	10	-0.29325
15	10	-0.153258
37	10	-0.449299
38	10	-2.47949
39	10	-0.323681
40	10	-0.024869
41	10	-0.209037
42	10	-0.0308842
7	11	-0.224203
8	11	-0.0589025
9	11	-0.0361203
10	11	1.45124
11	11	4.02521
12	11	0.794998
13	11	-2.45321
14	11	-0.393531
15	11	-0.308314
37	11	-0.269719
38	11	-0.695798
39	11	-0.157595
40	11	-0.202199
41	11	-1.00621
42	11	-0.158225
7	12	-0.167204
8	12	-0.0275433
9	12	-0.0259758
10	12	0.807923
11	12	0.794998
12	12	0.283821
13	12	-0.437921
14	12	-0.123443
15	12	-0.0758775
37	12	-0.126895
38	12	-0.454396
39	12	-0.0798769
40	12	-0.0307232
41	12	-0.163853
42	12	-0.0253082
7	13	-0.320582
8	13	-0.550275
9	13	-0.153818
10	13	-0.679962
11	13	-2.45321
12	13	-0.437921
13	13	6.24128
14	13	2.00126
15	13	1.03444
16	13	-2.68098
17	13	-0.75276
18	13	-0.485207
7	14	-0.735721
8	14	-3.16218
9	14	-0.52923
10	14	-0.29325
11	14	-0.393531
12	14	-0.123443
13	14	2.00126
14	14	6.26423
15	14	1.05256
16	14	-0.535477
17	14	-0.312852
18	14	-0.15436
7	15	-0.184353
8	15	-0.4209
9	15	-0.0971847
10	15	-0.153258
11	15	-0.308314
12	15	-0.0758775
13	15	1.03444
14	15	1.05256
15	15	0.349085
16	15	-0.359077
17	15	-0.193741
18	15	-0.0944359
13	16	-2.68098
14	16	-0.535477
15	16	-0.359077
16	16	4.33816
17	16	1.54611
18	16	0.850536
19	16	-1.04892
20	16	-0.224203
21	16	-0.167204
22	16	-0.320582
23	16	-0.735721
24	16	-0.184353
13	17	-0.75276
14	17	-0.312852
15	17	-0.193741
16	17	1.54611
17	17	4.78744
18	17	0.901198
19	17	-0.16444
20	17	-0.0589025
21	17	-0.0275433
22	17	-0.550275
23	17	-3.16218
24	17	-0.4209
13	18	-0.485207
14	18	-0.15436
15	18	-0.0944359
16	18	0.850536
17	18	0.901198
18	18	0.304912
19	18	-0.15685
20	18	-0.0361203
21	18	-0.0259759
22	18	-0.153818
23	18	-0.52923
24	18	-0.0971847
16	19	-1.04892
17	19	-0.16444
18	19	-0.15685
19	19	4.08989
20	19	1.45124
21	19	0.807923
22	19	-0.679962
23	19	-0.29325
24	19	-0.153258
46	19	-0.449299
47	19	-2.47949
48	19	-0.323681
16	20	-0.224203
17	20	-0.0589025
18	20	-0.0361203
19	20	1.45124
20	20	4.02521
21	20	0.794998
22	20	-2.45321
23	20	-0.393531
24	20	-0.308314
46	20	-0.269719
47	20	-0.695798
48	20	-0.157595
16	21	-0.167204
17	21	-0.0275433
18	21	-0.0259759
19	21	0.807923
20	21	0.794998
21	21	0.283821
22	21	-0.437921
23	21	-0.123443
24	21	-0.0758775
46	21	-0.126895
47	21	-0.454396
48	21	-0.0798769
16	22	-0.320582
17	22	-0.550275
18	22	-0.153818
19	22	-0.679962
20	22	-2.45321
21	22	-0.437921
22	22	6.24128
23	22	2.00126
24	22	1.03444
16	23	-0.735721
17	23	-3.16218
18	23	-0.52923
19	23	-0.29325
20	23	-0.393531
21	23	-0.123443
22	23	2.00126
23	23	6.26423
24	23	1.05256
16	24	-0.184353
17	24	-0.4209
18	24	-0.0971847
19	24	-0.153258
20	24	-0.308314
21	24	-0.0758775
22	24	1.03444
23	24	1.05256
24	24	0.349085
25	25	4.13157
26	25	1.43608
27	25	0.807073
28	25	-0.691892
29	25	-0.283115
30	25	-0.158823
49	25	-0.407591
50	25	-2.5076
51	25	-0.3173
52	25	-0.0530221
53	25	-0.200549
54	25	-0.0330536
25	26	1.43608
26	26	4.07487
27	26	0.803894
28	26	-2.44161
29	26	-0.458333
30	26	-0.320655
49	26	-0.237653
50	26	-0.662849
51	26	-0.149053
52	26	-0.214087
53	26	-1.07822
54	26	-0.162553
25	27	0.807073
26	27	0.803894
27	27	0.283345
28	27	-0.450213
29	27	-0.130868
30	27	-0.0794711
49	27	-0.118679
50	27	-0.447023
51	27	-0.0765059
52	27	-0.0316787
53	27	-0.167852
54	27	-0.0260764
1	28	-0.449299
2	28	-0.269719
3	28	-0.126895
25	28	-0.691892
26	28	-2.44161
27	28	-0.450213
28	28	6.13682
29	28	2.01091
30	28	1.03289
31	28	-2.5564
32	28	-0.707724
33	28	-0.460476
1	29	-2.47949
2	29	-0.695798
3	29	-0.454396
25	29	-0.283115
26	29	-0.458333
27	29	-0.130868
28	29	2.01091
29	29	6.21121
30	29	1.03589
31	29	-0.467978
32	29	-0.279084
33	29	-0.131479
1	30	-0.323681
2	30	-0.157595
3	30	-0.0798769
25	30	-0.158823
26	30	-0.320655
27	30	-0.0794711
28	30	1.03289
29	30	1.03589
30	30	0.346084
31	30	-0.334277
32	30	-0.163628
33	30	-0.0823643
1	31	-0.024869
2	31	-0.202199
3	31	-0.0307232
28	31	-2.5564
29	31	-0.467978
30	31	-0.334277
31	31	4.20447
32	31	1.47363
33	31	0.823396
34	31	-1.04121
35	31	-0.214425
36	31	-0.165814
37	31	-0.276859
38	31	-0.694101
39	31	-0.162168
1	32	-0.209037
2	32	-1.00621
3	32	-0.163853
28	32	-0.707724
29	32	-0.279084
30	32	-0.163628
31	32	1.47363
32	32	4.20184
33	32	0.820698
34	32	-0.194712
35	32	-0.0131891
36	32	-0.0271501
37	32	-0.483389
38	32	-2.58946
39	32	-0.334768
1	33	-0.0308842
2	33	-0.158225
3	33	-0.0253082
28	33	-0.460476
29	33	-0.131479
30	33	-0.0823643
31	33	0.823396
32	33	0.820698
33	33	0.288687
34	33	-0.162593
35	33	-0.0319955
36	33	-0.025673
37	33	-0.130657
38	33	-0.462937
39	33	-0.0818252
31	34	-1.04121
32	34	-0.194712
33	34	-0.162593
34	34	4.13157
35	34	1.43608
36	34	0.807073
37	34	-0.691892
38	34	-0.283115
39	34	-0.158823
55	34	-0.407591
56	34	-2.5076
57	34	-0.3173
58	34	-0.0530221
59	34	-0.200549
60	34	-0.0330536
31	35	-0.214425
32	35	-0.0131891
33	35	-0.0319955
34	35	1.43608
35	35	4.07487
36	35	0.803894
37	35	-2.44161
38	35	-0.458333
39	35	-0.320655
55	35	-0.237653
56	35	-0.662849
57	35	-0.149053
58	35	-0.214087
59	35	-1.07822
60	35	-0.162553
31	36	-0.165814
32	36	-0.0271501
33	36	-0.025673
34	36	0.807073
35	36	0.803894
36	36	0.283345
37	36	-0.450213
38	36	-0.130868
39	36	-0.0794711
55	36	-0.118679
56	36	-0.447023
57	36	-0.0765059
58	36	-0.0316787
59	36	-0.167852
60	36	-0.0260764
10	37	-0.449299
11	37	-0.269719
12	37	-0.126895
31	37	-0.276859
32	37	-0.483389
33	37	-0.130657
34	37	-0.691892
35	37	-2.44161
36	37	-0.450213
37	37	6.13682
38	37	2.01091
39	37	1.03289
40	37	-2.5564
41	37	-0.707724
42	37	-0.460476
10	38	-2.47949
11	38	-0.695798
12	38	-0.454396
31	38	-0.694101
32	38	-2.58946
33	38	-0.462937
34	38	-0.283115
35	38	-0.458333
36	38	-0.130868
37	38	2.01091
38	38	6.21121
39	38	1.03589
40	38	-0.467978
41	38	-0.279084
42	38	-0.131479
10	39	-0.323681
11	39	-0.157595
12	39	-0.0798769
31	39	-0.162168
32	39	-0.334768
33	39	-0.0818252
34	39	-0.158823
35	39	-0.320655
36	39	-0.0794711
37	39	1.03289
38	39	1.03589
39	39	0.346084
40	39	-0.334277
41	39	-0.163628
42	39	-0.0823643
10	40	-0.024869
11	40	-0.202199
12	40	-0.0307232
37	40	-2.5564
38	40	-0.467978
39	40	-0.334277
40	40	4.20447
41	40	1.47363
42	40	0.823396
43	40	-1.04121
44	40	-0.214425
45	40	-0.165814
46	40	-0.276859
47	40	-0.694101
48	40	-0.162168
10	41	-0.209037
11	41	-1.00621
12	41	-0.163853
37	41	-0.707724
38	41	-0.279084
39	41	-0.163628
40	41	1.47363
41	41	4.20184
42	41	0.820698
43	41	-0.194712
44	41	-0.0131891
45	41	-0.0271501
46	41	-0.483389
47	41	-2.58946
48	41	-0.334768
10	42	-0.0308842
11	42	-0.158225
12	42	-0.0253082
37	42	-0.460476
38	42	-0.131479
39	42	-0.0823643
40	42	0.823396
41	42	0.820698
42	42	0.288687
43	42	-0.162593
44	42	-0.0319955
45	42	-0.025673
46	42	-0.130658
47	42	-0.462937
48	42	-0.0818252
40	43	-1.04121
41	43	-0.194712
42	43	-0.162593
43	43	4.13157
44	43	1.43608
45	43	0.807073
46	43	-0.691892
47	43	-0.283115
48	43	-0.158823
61	43	-0.407591
62	43	-2.5076
63	43	-0.3173
40	44	-0.214425
41	44	-0.0131891
42	44	-0.0319955
43	44	1.43608
44	44	4.07487
45	44	0.803894
46	44	-2.44161
47	44	-0.458333
48	44	-0.320655
61	44	-0.237653
62	44	-0.662849
63	44	-0.149053
40	45	-0.165814
41	45	-0.0271501
42	45	-0.025673
43	45	0.807073
44	45	0.803894
45	45	0.283345
46	45	-0.450213
47	45	-0.130868
48	45	-0.0794711
61	45	-0.118679
62	45	-0.447023
63	45	-0.0765059
19	46	-0.449299
20	46	-0.269719
21	46	-0.126895
40	46	-0.276859
41	46	-0.483389
42	46	-0.130658
43	46	-0.691892
44	46	-2.44161
45	46	-0.450213
46	46	6.13682
47	46	2.01091
48	46	1.03289
19	47	-2.47949
20	47	-0.695798
21	47	-0.454396
40	47	-0.694101
41	47	-2.58946
42	47	-0.462937
43	47	-0.283115
44	47	-0.458333
45	47	-0.130868
46	47	2.01091
47	47	6.21121
48	47	1.03589
19	48	-0.323681
20	48	-0.157595
21	48	-0.0798769
40	48	-0.162168
41	48	-0.334768
42	48	-0.0818252
43	48	-0.158823
44	48	-0.320655
45	48	-0.0794711
46	48	1.03289
47	48	1.03589
48	48	0.346084
25	49	-0.407591
26	49	-0.237653
27	49	-0.118679
49	49	6.10281
50	49	2.03704
51	49	1.05178
52	49	-3.04627
53	49	-0.790765
54	49	-0.530048
25	50	-2.5076
26	50	-0.662849
27	50	-0.447023
49	50	2.03704
50	50	6.29571
51	50	1.04392
52	50	-0.551239
53	50	-0.346639
54	50	-0.156611
25	51	-0.3173
26	51	-0.149053
27	51	-0.0765059
49	51	1.05178
50	51	1.04392
51	51	0.349397
52	51	-0.419806
53	51	-0.188613
54	51	-0.0977435
25	52	-0.0530221
26	52	-0.214087
27	52	-0.0316787
49	52	-3.04627
50	52	-0.551239
51	52	-0.419806
52	52	4.75174
53	52	1.60414
54	52	0.913046
55	52	-0.308994
56	52	-0.752179
57	52	-0.191765
25	53	-0.200549
26	53	-1.07822
27	53	-0.167852
49	53	-0.790765
50	53	-0.346639
51	53	-0.188613
52	53	1.60414
53	53	4.38004
54	53	0.858114
55	53	-0.56393
56	53	-2.68973
57	53	-0.361517
25	54	-0.0330536
26	54	-0.162553
27	54	-0.0260764
49	54	-0.530048
50	54	-0.156611
51	54	-0.0977435
52	54	0.913046
53	54	0.858114
54	54	0.306324
55	54	-0.153444
56	54	-0.48746
57	54	-0.0938634
34	55	-0.407591
35	55	-0.237653
36	55	-0.118679
52	55	-0.308994
53	55	-0.56393
54	55	-0.153444
55	55	6.10281
56	55	2.03704
57	55	1.05178
58	55	-3.04627
59	55	-0.790765
60	55	-0.530048
34	56	-2.5076
35	56	-0.662849
36	56	-0.447023
52	56	-0.752179
53	56	-2.68973
54	56	-0.48746
55	56	2.03704
56	56	6.29571
57	56	1.04392
58	56	-0.551239
59	56	-0.346639
60	56	-0.156611
34	57	-0.3173
35	57	-0.149053
36	57	-0.0765059
52	57	-0.191765
53	57	-0.361517
54	57	-0.0938634
55	57	1.05178
56	57	1.04392
57	57	0.349397
58	57	-0.419806
59	57	-0.188613
60	57	-0.0977435
34	58	-0.0530221
35	58	-0.214087
36	58	-0.0316787
55	58	-3.04627
56	58	-0.551239
57	58	-0.419806
58	58	4.75174
59	58	1.60414
60	58	0.913046
61	58	-0.308994
62	58	-0.752179
63	58	-0.191765
34	59	-0.200549
35	59	-1.07822
36	59	-0.167852
55	59	-0.790765
56	59	-0.346639
57	59	-0.188613
58	59	1.60414
59	59	4.38004
60	59	0.858114
61	59	-0.56393
62	59	-2.68973
63	59	-0.361517
34	60	-0.0330536
35	60	-0.162553
36	60	-0.0260764
55	60	-0.530048
56	60	-0.156611
57	60	-0.0977435
58	60	0.913046
59	60	0.858114
60	60	0.306324
61	60	-0.153444
62	60	-0.48746
63	60	-0.0938634
43	61	-0.407591
44	61	-0.237653
45	61	-0.118679
58	61	-0.308994
59	61	-0.56393
60	61	-0.153444
61	61	6.10281
62	61	2.03704
63	61	1.05178
43	62	-2.5076
44	62	-0.662849
45	62	-0.447023
58	62	-0.752179
59	62	-2.68973
60	62	-0.48746
61	62	2.03704
62	62	6.29571
63	62	1.04392
43	63	-0.3173
44	63	-0.149053
45	63	-0.0765059
58	63	-0.191765
59	63	-0.361517
60	63	-0.0938634
61	63	1.05178
62	63	1.04392
63	63	0.349397
64	64	4.08989
65	64	1.45124
66	64	0.807923
67	64	-0.679962
68	64	-0.29325
69	64	-0.153258
91	64	-0.449299
92	64	-2.47949
93	64	-0.323681
94	64	-0.024869
95	64	-0.209037
96	64	-0.0308842
64	65	1.45124
65	65	4.02521
66	65	0.794998
67	65	-2.45321
68	65	-0.393531
69	65	-0.308314
91	65	-0.269719
92	65	-0.695798
93	65	-0.157595
94	65	-0.202199
95	65	-1.00621
96	65	-0.158225
64	66	0.807923
65	66	0.794998
66	66	0.283821
67	66	-0.437921
68	66	-0.123443
69	66	-0.0758775
91	66	-0.126895
92	66	-0.454396
93	66	-0.0798769
94	66	-0.0307232
95	66	-0.163853
96	66	-0.0253082
64	67	-0.679962
65	67	-2.45321
66	67	-0.437921
67	67	6.24128
68	67	2.00126
69	67	1.03444
70	67	-2.68098
71	67	-0.75276
72	67	-0.485207
64	68	-0.29325
65	68	-0.393531
66	68	-0.123443
67	68	2.00126
68	68	6.26423
69	68	1.05256
70	68	-0.535477
71	68	-0.312852
72	68	-0.15436
64	69	-0.153258
65	69	-0.308314
66	69	-0.0758775
67	69	1.03444
68	69	1.05256
69	69	0.349085
70	69	-0.359077
71	69	-0.193741
72	69	-0.0944359
67	70	-2.68098
68	70	-0.535477
69	70	-0.359077
70	70	4.33816
71	70	1.54611
72	70	0.850536
73	70	-1.04892
74	70	-0.224203
75	70	-0.167204
76	70	-0.320582
77	70	-0.735721
78	70	-0.184353
67	71	-0.75276
68	71	-0.312852
69	71	-0.193741
70	71	1.54611
71	71	4.78744
72	71	0.901198
73	71	-0.16444
74	71	-0.0589025
75	71	-0.0275433
76	71	-0.550275
77	71	-3.16218
78	71	-0.4209
67	72	-0.485207
68	72	-0.15436
69	72	-0.0944359
70	72	0.850536
71	72	0.901198
72	72	0.304912
73	72	-0.15685
74	72	-0.0361203
75	72	-0.0259758
76	72	-0.153818
77	72	-0.52923
78	72	-0.0971847
70	73	-1.04892
71	73	-0.16444
72	73	-0.15685
73	73	4.08989
74	73	1.45124
75	73	0.807923
76	73	-0.679962
77	73	-0.29325
78	73	-0.153258
100	73	-0.449299
101	73	-2.47949
102	73	-0.323681
103	73	-0.024869
104	73	-0.209037
105	73	-0.0308842
70	74	-0.224203
71	74	-0.0589025
72	74	-0.0361203
73	74	1.45124
74	74	4.02521
75	74	0.794998
76	74	-2.45321
77	74	-0.393531
78	74	-0.308314
100	74	-0.269719
101	74	-0.695798
102	74	-0.157595
103	74	-0.202199
104	74	-1.00621
105	74	-0.158225
70	75	-0.167204
71	75	-0.0275433
72	75	-0.0259758
73	75	0.807923
74	75	0.794998
75	75	0.283821
76	75	-0.437921
77	75	-0.123443
78	75	-0.0758775
100	75	-0.126895
101	75	-0.454396
102	75	-0.0798769
103	75	-0.0307232
104	75	-0.163853
105	75	-0.0253082
70	76	-0.320582
71	76	-0.550275
72	76	-0.153818
73	76	-0.679962
74	76	-2.45321
75	76	-0.437921
76	76	6.24128
77	76	2.00126
78	76	1.03444
79	76	-2.68098
80	76	-0.75276
81	76	-0.485207
70	77	-0.735721
71	77	-3.16218
72	77	-0.52923
73	77	-0.29325
74	77	-0.393531
75	77	-0.123443
76	77	2.00126
77	77	6.26423
78	77	1.05256
79	77	-0.535477
80	77	-0.312852
81	77	-0.15436
70	78	-0.184353
71	78	-0.4209
72	78	-0.0971847
73	78	-0.153258
74	78	-0.308314
75	78	-0.0758775
76	78	1.03444
77	78	1.05256
78	78	0.349085
79	78	-0.359077
80	78	-0.193741
81	78	-0.0944359
76	79	-2.68098
77	79	-0.535477
78	79	-0.359077
79	79	4.33816
80	79	1.54611
81	79	0.850536
82	79	-1.04892
83	79	-0.224203
84	79	-0.167204
85	79	-0.320582
86	79	-0.735721
87	79	-0.184353
76	80	-0.75276
77	80	-0.312852
78	80	-0.193741
79	80	1.54611
80	80	4.78744
81	80	0.901198
82	80	-0.16444
83	80	-0.0589025
84	80	-0.0275433
85	80	-0.550275
86	80	-3.16218
87	80	-0.4209
76	81	-0.485207
77	81	-0.15436
78	81	-0.0944359
79	81	0.850536
80	81	0.901198
81	81	0.304912
82	81	-0.15685
83	81	-0.0361203
84	81	-0.0259759
85	81	-0.153818
86	81	-0.52923
87	81	-0.0971847
79	82	-1.04892
80	82	-0.16444
81	82	-0.15685
82	82	4.08989
83	82	1.45124
84	82	0.807923
85	82	-0.679962
86	82	-0.29325
87	82	-0.153258
109	82	-0.449299
110	82	-2.47949
111	82	-0.323681
79	83	-0.224203
80	83	-0.0589025
81	83	-0.0361203
82	83	1.45124
83	83	4.02521
84	83	0.794998
85	83	-2.45321
86	83	-0.393531
87	83	-0.308314
109	83	-0.269719
110	83	-0.695798
111	83	-0.157595
79	84	-0.167204
80	84	-0.0275433
81	84	-0.0259759
82	84	0.807923
83	84	0.794998
84	84	0.283821
85	84	-0.437921
86	84	-0.123443
87	84	-0.0758775
109	84	-0.126895
110	84	-0.454396
111	84	-0.0798769
79	85	-0.320582
80	85	-0.550275
81	85	-0.153818
82	85	-0.679962
83	85	-2.45321
84	85	-0.437921
85	85	6.24128
86	85	2.00126
87	85	1.03444
79	86	-0.735721
80	86	-3.16218
81	86	-0.52923
82	86	-0.29325
83	86	-0.393531
84	86	-0.123443
85	86	2.00126
86	86	6.26423
87	86	1.05256
79	87	-0.184353
80	87	-0.4209
81	87	-0.0971847
82	87	-0.153258
83	87	-0.308314
84	87	-0.0758775
85	87	1.03444
86	87	1.05256
87	87	0.349085
88	88	4.13157
89	88	1.43608
90	88	0.807073
91	88	-0.691892
92	88	-0.283115
93	88	-0.158823
112	88	-0.407591
113	88	-2.5076
114	88	-0.3173
115	88	-0.0530221
116	88	-0.200549
117	88	-0.0330536
88	89	1.43608
89	89	4.07487
90	89	0.803894
91	89	-2.44161
92	89	-0.458333
93	89	-0.320655
112	89	-0.237653
113	89	-0.662849
114	89	-0.149053
115	89	-0.214087
116	89	-1.07822
117	89	-0.162553
88	90	0.807073
89	90	0.803894
90	90	0.283345
91	90	-0.450213
92	90	-0.130868
93	90	-0.0794711
112	90	-0.118679
113	90	-0.447023
114	90	-0.0765059
115	90	-0.0316787
116	90	-0.167852
117	90	-0.0260764
64	91	-0.449299
65	91	-0.269719
66	91	-0.126895
88	91	-0.691892
89	91	-2.44161
90	91	-0.450213
91	91	6.13682
92	91	2.01091
93	91	1.03289
94	91	-2.5564
95	91	-0.707724
96	91	-0.460476
64	92	-2.47949
65	92	-0.695798
66	92	-0.454396
88	92	-0.283115
89	92	-0.458333
90	92	-0.130868
91	92	2.01091
92	92	6.21121
93	92	1.03589
94	92	-0.467978
95	92	-0.279084
96	92	-0.131479
64	93	-0.323681
65	93	-0.157595
66	93	-0.0798769
88	93	-0.158823
89	93	-0.320655
90	93	-0.0794711
91	93	1.03289
92	93	1.03589
93	93	0.346084
94	93	-0.334277
95	93	-0.163628
96	93	-0.0823643
64	94	-0.024869
65	94	-0.202199
66	94	-0.0307232
91	94	-2.5564
92	94	-0.467978
93	94	-0.334277
94	94	4.20447
95	94	1.47363
96	94	0.823396
97	94	-1.04121
98	94	-0.214425
99	94	-0.165814
100	94	-0.276859
101	94	-0.694101
102	94	-0.162168
64	95	-0.209037
65	95	-1.00621
66	95	-0.163853
91	95	-0.707724
92	95	-0.279084
93	95	-0.163628
94	95	1.47363
95	95	4.20184
96	95	0.820698
97	95	-0.194712
98	95	-0.0131891
99	95	-0.0271501
100	95	-0.483389
101	95	-2.58946
102	95	-0.334768
64	96	-0.0308842
65	96	-0.158225
66	96	-0.0253082
91	96	-0.460476
92	96	-0.131479
93	96	-0.0823643
94	96	0.823396
95	96	0.820698
96	96	0.288687
97	96	-0.162593
98	96	-0.0319955
99	96	-0.025673
100	96	-0.130657
101	96	-0.462937
102	96	-0.0818252
94	97	-1.04121
95	97	-0.194712
96	97	-0.162593
97	97	4.13157
98	97	1.43608
99	97	0.807073
100	97	-0.691892
101	97	-0.283115
102	97	-0.158823
118	97	-0.407591
119	97	-2.5076
120	97	-0.3173
121	97	-0.0530221
122	97	-0.200549
123	97	-0.0330536
94	98	-0.214425
95	98	-0.0131891
96	98	-0.0319955
97	98	1.43608
98	98	4.07487
99	98	0.803894
100	98	-2.44161
101	98	-0.458333
102	98	-0.320655
118	98	-0.237653
119	98	-0.662849
120	98	-0.149053
121	98	-0.214087
122	98	-1.07822
123	98	-0.162553
94	99	-0.165814
95	99	-0.0271501
96	99	-0.025673
97	99	0.807073
98	99	0.803894
99	99	0.283345
100	99	-0.450213
101	99	-0.130868
102	99	-0.0794711
118	99	-0.118679
119	99	-0.447023
120	99	-0.0765059
121	99	-0.0316787
122	99	-0.167852
123	99	-0.0260764
73	100	-0.449299
74	100	-0.269719
75	100	-0.126895
94	100	-0.276859
95	100	-0.483389
96	100	-0.130657
97	100	-0.691892
98	100	-2.44161
99	100	-0.450213
100	100	6.13682
101	100	2.01091
102	100	1.03289
103	100	-2.5564
104	100	-0.707724
105	100	-0.460476
73	101	-2.47949
74	101	-0.695798
75	101	-0.454396
94	101	-0.694101
95	101	-2.58946
96	101	-0.462937
97	101	-0.283115
98	101	-0.458333
99	101	-0.130868
100	101	2.01091
101	101	6.21121
102	101	1.03589
103	101	-0.467978
104	101	-0.279084
105	101	-0.131479
73	102	-0.323681
74	102	-0.157595
75	102	-0.0798769
94	102	-0.162168
95	102	-0.334768
96	102	-0.0818252
97	102	-0.158823
98	102	-0.320655
99	102	-0.0794711
100	102	1.03289
101	102	1.03589
102	102	0.346084
103	102	-0.334277
104	102	-0.163628
105	102	-0.0823643
73	103	-0.024869
74	103	-0.202199
75	103	-0.0307232
100	103	-2.5564
101	103	-0.467978
102	103	-0.334277
103	103	4.20447
104	103	1.47363
105	103	0.823396
106	103	-1.04121
107	103	-0.214425
108	103	-0.165814
109	103	-0.276859
110	103	-0.694101
111	103	-0.162168
73	104	-0.209037
74	104	-1.00621
75	104	-0.163853
100	104	-0.707724
101	104	-0.279084
102	104	-0.163628
103	104	1.47363
104	104	4.20184
105	104	0.820698
106	104	-0.194712
107	104	-0.0131891
108	104	-0.0271501
109	104	-0.483389
110	104	-2.58946
111	104	-0.334768
73	105	-0.0308842
74	105	-0.158225
75	105	-0.0253082
100	105	-0.460476
101	105	-0.131479
102	105	-0.0823643
103	105	0.823396
104	105	0.820698
105	105	0.288687
106	105	-0.162593
107	105	-0.0319955
108	105	-0.025673
109	105	-0.130658
110	105	-0.462937
111	105	-0.0818252
103	106	-1.04121
104	106	-0.194712
105	106	-0.162593
106	106	4.13157
107	106	1.43608
108	106	0.807073
109	106	-0.691892
110	106	-0.283115
111	106	-0.158823
124	106	-0.407591
125	106	-2.5076
126	106	-0.3173
103	107	-0.214425
104	107	-0.0131891
105	107	-0.0319955
106	107	1.43608
107	107	4.07487
108	107	0.803894
109	107	-2.44161
110	107	-0.458333
111	107	-0.320655
124	107	-0.237653
125	107	-0.662849
126	107	-0.149053
103	108	-0.165814
104	108	-0.0271501
105	108	-0.025673
106	108	0.807073
107	108	0.803894
108	108	0.283345
109	108	-0.450213
110	108	-0.130868
111	108	-0.0794711
124	108	-0.118679
125	108	-0.447023
126	108	-0.0765059
82	109	-0.449299
83	109	-0.269719
84	109	-0.126895
103	109	-0.276859
104	109	-0.483389
105	109	-0.130658
106	109	-0.691892
107	109	-2.44161
108	109	-0.450213
109	109	6.13682
110	109	2.01091
111	109	1.03289
82	110	-2.47949
83	110	-0.695798
84	110	-0.454396
103	110	-0.694101
104	110	-2.58946
105	110	-0.462937
106	110	-0.283115
107	110	-0.458333
108	110	-0.130868
109	110	2.01091
110	110	6.21121
111	110	1.03589
82	111	-0.323681
83	111	-0.157595
84	111	-0.0798769
103	111	-0.162168
104	111	-0.334768
105	111	-0.0818252
106	111	-0.158823
107	111	-0.320655
108	111	-0.0794711
109	111	1.03289
110	111	1.03589
111	111	0.346084
88	112	-0.407591
89	112	-0.237653
90	112	-0.118679
112	112	6.10281
113	112	2.03704
114	112	1.05178
115	112	-3.04627
116	112	-0.790765
117	112	-0.530048
88	113	-2.5076
89	113	-0.662849
90	113	-0.447023
112	113	2.03704
113	113	6.29571
114	113	1.04392
115	113	-0.551239
116	113	-0.346639
117	113	-0.156611
88	114	-0.3173
89	114	-0.149053
90	114	-0.0765059
112	114	1.05178
113	114	1.04392
114	114	0.349397
115	114	-0.419806
116	114	-0.188613
117	114	-0.0977435
88	115	-0.0530221
89	115	-0.214087
90	115	-0.0316787
112	115	-3.04627
113	115	-0.551239
114	115	-0.419806
115	115	4.75174
116	115	1.60414
117	115	0.913046
118	115	-0.308994
119	115	-0.752179
120	115	-0.191765
88	116	-0.200549
89	116	-1.07822
90	116	-0.167852
112	116	-0.790765
113	116	-0.346639
114	116	-0.188613
115	116	1.60414
116	116	4.38004
117	116	0.858114
118	116	-0.56393
119	116	-2.68973
120	116	-0.361517
88	117	-0.0330536
89	117	-0.162553
90	117	-0.0260764
112	117	-0.530048
113	117	-0.156611
114	117	-0.0977435
115	117	0.913046
116	117	0.858114
117	117	0.306324
118	117	-0.153444
119	117	-0.48746
120	117	-0.0938634
97	118	-0.407591
98	118	-0.237653
99	118	-0.118679
115	118	-0.308994
116	118	-0.56393
117	118	-0.153444
118	118	6.10281
119	118	2.03704
120	118	1.05178
121	118	-3.04627
122	118	-0.790765
123	118	-0.530048
97	119	-2.5076
98	119	-0.662849
99	119	-0.447023
115	119	-0.752179
116	119	-2.68973
117	119	-0.48746
118	119	2.03704
119	119	6.29571
120	119	1.04392
121	119	-0.551239
122	119	-0.346639
123	119	-0.156611
97	120	-0.3173
98	120	-0.149053
99	120	-0.0765059
115	120	-0.191765
116	120	-0.361517
117	120	-0.0938634
118	120	1.05178
119	120	1.04392
120	120	0.349397
121	120	-0.419806
122	120	-0.188613
123	120	-0.0977435
97	121	-0.0530221
98	121	-0.214087
99	121	-0.0316787
118	121	-3.04627
119	121	-0.551239
120	121	-0.419806
121	121	4.75174
122	121	1.60414
123	121	0.913046
124	121	-0.308994
125	121	-0.752179
126	121	-0.191765
97	122	-0.200549
98	122	-1.07822
99	122	-0.167852
118	122	-0.790765
119	122	-0.346639
120	122	-0.188613
121	122	1.60414
122	122	4.38004
123	122	0.858114
124	122	-0.56393
125	122	-2.68973
126	122	-0.361517
97	123	-0.0330536
98	123	-0.162553
99	123	-0.0260764
118	123	-0.530048
119	123	-0.156611
120	123	-0.0977435
121	123	0.913046
122	123	0.858114
123	123	0.306324
124	123	-0.153444
125	123	-0.48746
126	123	-0.0938634
106	124	-0.407591
107	124	-0.237653
108	124	-0.118679
121	124	-0.308994
122	124	-0.56393
123	124	-0.153444
124	124	6.10281
125	124	2.03704
126	124	1.05178
106	125	-2.5076
107	125	-0.662849
108	125	-0.447023
121	125	-0.752179
122	125	-2.68973
123	125	-0.48746
124	125	2.03704
125	125	6.29571
126	125	1.04392
106	126	-0.3173
107	126	-0.149053
108	126	-0.0765059
121	126	-0.191765
122	126	-0.361517
123	126	-0.0938634
124	126	1.05178
125	126	1.04392
126	126	0.349397
