336	336	10880
1	1	7.39113
2	1	1.4599
3	1	0.804291
4	1	-0.631122
5	1	0.468355
6	1	-0.373076
7	1	0.29951
8	1	-0.220182
9	1	-0.689658
10	1	-0.242756
11	1	-0.151319
12	1	0.101359
13	1	-0.00692984
14	1	-0.0159053
15	1	0.00211523
16	1	0.00292377
73	1	-0.418362
74	1	-4.6608
75	1	-0.320673
76	1	-0.387968
77	1	-0.318845
78	1	-0.249616
79	1	-0.209234
80	1	-0.184699
81	1	-0.0600223
82	1	-0.216803
83	1	-0.0369491
84	1	-0.0311452
85	1	-0.0111039
86	1	-0.00109111
87	1	-0.000219084
88	1	0.000711529
1	2	1.4599
2	2	7.35568
3	2	0.802455
4	2	0.627538
5	2	0.466679
6	2	0.372743
7	2	0.298245
8	2	0.216195
9	2	-4.63025
10	2	-0.412277
11	2	-0.312373
12	2	0.38662
13	2	-0.321527
14	2	0.250374
15	2	-0.20787
16	2	0.181099
73	2	-0.26291
74	2	-0.697074
75	2	-0.158343
76	2	-0.097449
77	2	-0.00255812
78	2	0.0137651
79	2	0.000361227
80	2	-0.00226509
81	2	-0.211681
82	2	-2.14111
83	2	-0.160535
84	2	-0.195386
85	2	-0.162104
86	2	-0.127702
87	2	-0.103188
88	2	-0.0765185
1	3	0.804291
2	3	0.802455
3	3	0.286009
4	3	-0.000510623
5	3	-0.0221952
6	3	0.000162894
7	3	-0.00105989
8	3	-7.97205e-06
9	3	-0.444067
10	3	-0.113997
11	3	-0.0765647
12	3	0.0655627
13	3	-0.0224276
14	3	0.000608572
15	3	0.00141535
16	3	-0.000108286
73	3	-0.12156
74	3	-0.448583
75	3	-0.0796231
76	3	-0.0647924
77	3	-0.0205759
78	3	-0.000707992
79	3	0.000846712
80	3	2.67619e-05
81	3	-0.036724
82	3	-0.164224
83	3	-0.0249783
84	3	-0.0226836
85	3	-0.0100545
86	3	-0.00275451
87	3	-0.000798235
88	3	-0.00035137
1	4	-0.631122
2	4	0.627538
3	4	-0.000510623
4	4	0.293557
5	4	-0.000207401
6	4	-0.0427737
7	4	0.000113575
8	4	-0.00348106
9	4	-0.421053
10	4	-0.0324191
11	4	-0.0322032
12	4	0.0538808
13	4	-0.0493616
14	4	0.0264191
15	4	-0.00719827
16	4	0.000129651
73	4	0.0316073
74	4	0.423622
75	4	0.0325682
76	4	0.0553512
77	4	0.0496081
78	4	0.0252617
79	4	0.00659765
80	4	0.000357963
81	4	-0.0304612
82	4	-0.198312
83	4	-0.0223241
84	4	-0.0244194
85	4	-0.0158015
86	4	-0.00807205
87	4	-0.00392301
88	4	-0.00195076
1	5	0.468355
2	5	0.466679
3	5	-0.0221952
4	5	-0.000207401
5	5	0.289334
6	5	-3.17218e-05
7	5	-0.0585115
8	5	-0.000137808
9	5	-0.309255
10	5	0.00765556
11	5	-0.000975887
12	5	0.0201404
13	5	-0.0380777
14	5	0.0379204
15	5	-0.0242761
16	5	0.0102323
73	5	0.00963299
74	5	-0.309942
75	5	-0.000328856
76	5	-0.0207579
77	5	-0.0391998
78	5	-0.0380715
79	5	-0.0236059
80	5	-0.00981311
81	5	-0.0103784
82	5	-0.162785
83	5	-0.0095213
84	5	-0.0153651
85	5	-0.015538
86	5	-0.011769
87	5	-0.00760668
88	5	-0.00461837
1	6	-0.373076
2	6	0.372743
3	6	0.000162894
4	6	-0.0427737
5	6	-3.17218e-05
6	6	0.286719
7	6	0.00034036
8	6	-0.0714219
9	6	-0.24796
10	6	-0.000453228
11	6	-2.00248e-05
12	6	0.00353894
13	6	-0.0144566
14	6	0.0262633
15	6	-0.0287703
16	6	0.0213708
73	6	0.000167019
74	6	0.248444
75	6	-0.000105357
76	6	0.00308416
77	6	0.014709
78	6	0.0271232
79	6	0.0291718
80	6	0.0213163
81	6	-0.000619703
82	6	-0.126808
83	6	-0.00236689
84	6	-0.00754348
85	6	-0.0114178
86	6	-0.011736
87	6	-0.00983046
88	6	-0.0072041
1	7	0.29951
2	7	0.298245
3	7	-0.00105989
4	7	0.000113575
5	7	-0.0585115
6	7	0.00034036
7	7	0.277166
8	7	0.000855752
9	7	-0.197095
10	7	-0.000967885
11	7	5.43059e-05
12	7	0.000151103
13	7	-0.00358589
14	7	0.0113084
15	7	-0.0193705
16	7	0.0228152
73	7	0.000212574
74	7	-0.199102
75	7	5.57387e-05
76	7	4.05865e-05
77	7	-0.0033514
78	7	-0.0115041
79	7	-0.020165
80	7	-0.0235917
81	7	-0.000177262
82	7	-0.101589
83	7	-0.000608419
84	7	-0.00352777
85	7	-0.00719605
86	7	-0.00960596
87	7	-0.0100713
88	7	-0.00816104
1	8	-0.220182
2	8	0.216195
3	8	-7.97205e-06
4	8	-0.00348106
5	8	-0.000137808
6	8	-0.0714219
7	8	0.000855752
8	8	0.237672
9	8	-0.142042
10	8	-0.00109015
11	8	1.12399e-05
12	8	-1.29409e-05
13	8	-0.000599159
14	8	0.00342467
15	8	-0.00926802
16	8	0.0164296
73	8	-0.000657917
74	8	0.146861
75	8	-7.46411e-06
76	8	-2.6796e-05
77	8	0.000460218
78	8	0.00334051
79	8	0.00972857
80	8	0.0173823
81	8	0.000680108
82	8	-0.0743437
83	8	-0.000278415
84	8	-0.00172977
85	8	-0.00428733
86	8	-0.00687001
87	8	-0.00798809
88	8	-0.00713221
1	9	-0.689658
2	9	-4.63025
3	9	-0.444067
4	9	-0.421053
5	9	-0.309255
6	9	-0.24796
7	9	-0.197095
8	9	-0.142042
9	9	10.6749
10	9	1.98721
11	9	1.0383
12	9	-0.808047
13	9	0.645557
14	9	-0.505488
15	9	0.425565
16	9	-0.36332
17	9	-4.95711
18	9	-0.768954
19	9	-0.484711
20	9	0.443646
21	9	-0.322624
22	9	0.261176
23	9	-0.209092
24	9	0.155782
1	10	-0.242756
2	10	-0.412277
3	10	-0.113997
4	10	-0.0324191
5	10	0.00765556
6	10	-0.000453228
7	10	-0.000967885
8	10	-0.00109015
9	10	1.98721
10	10	10.9475
11	10	1.04828
12	10	0.829924
13	10	0.67121
14	10	0.532437
15	10	0.449782
16	10	0.385767
17	10	-0.503296
18	10	-0.351345
19	10	-0.152072
20	10	0.0253694
21	10	0.0137612
22	10	0.00387339
23	10	-0.000535724
24	10	0.00153279
1	11	-0.151319
2	11	-0.312373
3	11	-0.0765647
4	11	-0.0322032
5	11	-0.000975887
6	11	-2.00248e-05
7	11	5.43059e-05
8	11	1.12399e-05
9	11	1.0383
10	11	1.04828
11	11	0.349693
12	11	0.00112029
13	11	-0.0031866
14	11	0.00100814
15	11	0.000701015
16	11	-4.81183e-05
17	11	-0.361512
18	11	-0.193436
19	11	-0.0936675
20	11	0.033104
21	11	0.00131623
22	11	0.000478716
23	11	0.000186392
24	11	0.000176501
1	12	0.101359
2	12	0.38662
3	12	0.0655627
4	12	0.0538808
5	12	0.0201404
6	12	0.00353894
7	12	0.000151103
8	12	-1.29409e-05
9	12	-0.808047
10	12	0.829924
11	12	0.00112029
12	12	0.350819
13	12	0.00269412
14	12	-0.0262215
15	12	0.000572187
16	12	0.000398738
17	12	0.413825
18	12	0.0910586
19	12	0.0664075
20	12	-0.0627067
21	12	0.02283
22	12	-0.00197855
23	12	1.98638e-06
24	12	-0.000201049
1	13	-0.00692984
2	13	-0.321527
3	13	-0.0224276
4	13	-0.0493616
5	13	-0.0380777
6	13	-0.0144566
7	13	-0.00358589
8	13	-0.000599159
9	13	0.645557
10	13	0.67121
11	13	-0.0031866
12	13	0.00269412
13	13	0.32737
14	13	0.00220663
15	13	-0.0425199
16	13	0.000448625
17	13	-0.329692
18	13	0.0118041
19	13	-0.0162263
20	13	0.0536597
21	13	-0.0443537
22	13	0.0158696
23	13	-0.00310764
24	13	0.000458699
1	14	-0.0159053
2	14	0.250374
3	14	0.000608572
4	14	0.0264191
5	14	0.0379204
6	14	0.0262633
7	14	0.0113084
8	14	0.00342467
9	14	-0.505488
10	14	0.532437
11	14	0.00100814
12	14	-0.0262215
13	14	0.00220663
14	14	0.31577
15	14	0.00192161
16	14	-0.0551263
17	14	0.260184
18	14	-0.00960304
19	14	0.000157815
20	14	-0.0229935
21	14	0.0411908
22	14	-0.0311335
23	14	0.0124269
24	14	-0.0032056
1	15	0.00211523
2	15	-0.20787
3	15	0.00141535
4	15	-0.00719827
5	15	-0.0242761
6	15	-0.0287703
7	15	-0.0193705
8	15	-0.00926802
9	15	0.425565
10	15	0.449782
11	15	0.000701015
12	15	0.000572187
13	15	-0.0425199
14	15	0.00192161
15	15	0.308889
16	15	0.00163296
17	15	-0.218051
18	15	-0.00335518
19	15	0.000189753
20	15	0.00452872
21	15	-0.0230294
22	15	0.0321751
23	15	-0.0231126
24	15	0.0101881
1	16	0.00292377
2	16	0.181099
3	16	-0.000108286
4	16	0.000129651
5	16	0.0102323
6	16	0.0213708
7	16	0.0228152
8	16	0.0164296
9	16	-0.36332
10	16	0.385767
11	16	-4.81183e-05
12	16	0.000398738
13	16	0.000448625
14	16	-0.0551263
15	16	0.00163296
16	16	0.296033
17	16	0.182127
18	16	0.00087401
19	16	-2.014e-05
20	16	-0.000272284
21	16	0.00818602
22	16	-0.0214906
23	16	0.0253482
24	16	-0.0171467
9	17	-4.95711
10	17	-0.503296
11	17	-0.361512
12	17	0.413825
13	17	-0.329692
14	17	0.260184
15	17	-0.218051
16	17	0.182127
17	17	7.73725
18	17	1.61992
19	17	0.85553
20	17	-0.640239
21	17	0.485847
22	17	-0.385172
23	17	0.31062
24	17	-0.231149
25	17	-2.16558
26	17	-0.225114
27	17	-0.168492
28	17	0.200364
29	17	-0.162421
30	17	0.126338
31	17	-0.100812
32	17	0.0735249
33	17	-0.316776
34	17	-0.786182
35	17	-0.186491
36	17	-0.106215
37	17	0.00463796
38	17	0.0164107
39	17	-0.0015698
40	17	-0.00304649
9	18	-0.768954
10	18	-0.351345
11	18	-0.193436
12	18	0.0910586
13	18	0.0118041
14	18	-0.00960304
15	18	-0.00335518
16	18	0.00087401
17	18	1.61992
18	18	8.81714
19	18	0.899658
20	18	0.725487
21	18	0.555858
22	18	0.454084
23	18	0.375674
24	18	0.296228
25	18	-0.212153
26	18	-0.0505299
27	18	-0.0374418
28	18	0.0302379
29	18	-0.00956406
30	18	0.0010958
31	18	0.000939319
32	18	0.00111525
33	18	-0.55807
34	18	-6.00453
35	18	-0.417807
36	18	-0.50506
37	18	-0.415118
38	18	-0.325195
39	18	-0.271927
40	18	-0.23717
9	19	-0.484711
10	19	-0.152072
11	19	-0.0936675
12	19	0.0664075
13	19	-0.0162263
14	19	0.000157815
15	19	0.000189753
16	19	-2.014e-05
17	19	0.85553
18	19	0.899658
19	19	0.307441
20	19	0.00737657
21	19	-0.0181594
22	19	0.00155424
23	19	-0.00083625
24	19	5.32841e-05
25	19	-0.161865
26	19	-0.0385069
27	19	-0.0257211
28	19	0.0223943
29	19	-0.00913602
30	19	0.0022039
31	19	-0.000648562
32	19	0.000305764
33	19	-0.150793
34	19	-0.521825
35	19	-0.0972706
36	19	-0.075735
37	19	-0.0205593
38	19	0.00170824
39	19	0.00167221
40	19	1.18876e-06
9	20	0.443646
10	20	0.0253694
11	20	0.033104
12	20	-0.0627067
13	20	0.0536597
14	20	-0.0229935
15	20	0.00452872
16	20	-0.000272284
17	20	-0.640239
18	20	0.725487
19	20	0.00737657
20	20	0.310084
21	20	0.00691616
22	20	-0.0378923
23	20	0.00179202
24	20	-0.00290977
25	20	0.198206
26	20	0.0328609
27	20	0.0236453
28	20	-0.0248792
29	20	0.0151986
30	20	-0.0073414
31	20	0.00345448
32	20	-0.0016352
33	20	-0.0465208
34	20	-0.524149
35	20	-0.045885
36	20	-0.0734623
37	20	-0.0606602
38	20	-0.0262048
39	20	-0.00346885
40	20	0.001763
9	21	-0.322624
10	21	0.0137612
11	21	0.00131623
12	21	0.02283
13	21	-0.0443537
14	21	0.0411908
15	21	-0.0230294
16	21	0.00818602
17	21	0.485847
18	21	0.555858
19	21	-0.0181594
20	21	0.00691616
21	21	0.301609
22	21	0.00581726
23	21	-0.053734
24	21	0.00195533
25	21	-0.163466
26	21	-0.0114448
27	21	-0.0103351
28	21	0.0162048
29	21	-0.0157795
30	21	0.0114718
31	21	-0.00704918
32	21	0.00394669
33	21	0.00831686
34	21	-0.401711
35	21	-0.00444265
36	21	-0.0331263
37	21	-0.0549561
38	21	-0.0482474
39	21	-0.0253792
40	21	-0.00707708
9	22	0.261176
10	22	0.00387339
11	22	0.000478716
12	22	-0.00197855
13	22	0.0158696
14	22	-0.0311335
15	22	0.0321751
16	22	-0.0214906
17	22	-0.385172
18	22	0.454084
19	22	0.00155424
20	22	-0.0378923
21	22	0.00581726
22	22	0.296132
23	22	0.00530819
24	22	-0.0662342
25	22	0.126719
26	22	0.000385291
27	22	0.00249899
28	22	-0.00815075
29	22	0.0121008
30	22	-0.0119584
31	22	0.00935538
32	22	-0.00636904
33	22	-1.67411e-05
34	22	-0.325593
35	22	-0.000418636
36	22	-0.00706316
37	22	-0.0248696
38	22	-0.0403574
39	22	-0.0386199
40	22	-0.0235725
9	23	-0.209092
10	23	-0.000535724
11	23	0.000186392
12	23	1.98638e-06
13	23	-0.00310764
14	23	0.0124269
15	23	-0.0231126
16	23	0.0253482
17	23	0.31062
18	23	0.375674
19	23	-0.00083625
20	23	0.00179202
21	23	-0.053734
22	23	0.00530819
23	23	0.28756
24	23	0.00713297
25	23	-0.1018
26	23	0.000487676
27	23	-0.000628419
28	23	0.00386767
29	23	-0.0077614
30	23	0.00985858
31	23	-0.00967156
32	23	0.00763545
33	23	-0.000503719
34	23	-0.267995
35	23	1.58955e-05
36	23	-0.000551642
37	23	-0.00694572
38	23	-0.0198672
39	23	-0.0309423
40	23	-0.0313187
9	24	0.155782
10	24	0.00153279
11	24	0.000176501
12	24	-0.000201049
13	24	0.000458699
14	24	-0.0032056
15	24	0.0101881
16	24	-0.0171467
17	24	-0.231149
18	24	0.296228
19	24	5.32841e-05
20	24	-0.00290977
21	24	0.00195533
22	24	-0.0662342
23	24	0.00713297
24	24	0.255363
25	24	0.076598
26	24	0.00132465
27	24	0.000330774
28	24	-0.00188513
29	24	0.00453954
30	24	-0.0069065
31	24	0.00817081
32	24	-0.00680244
33	24	-0.00133897
34	24	-0.218585
35	24	-9.42386e-07
36	24	4.98975e-05
37	24	-0.00107365
38	24	-0.00645808
39	24	-0.0167255
40	24	-0.0269432
17	25	-2.16558
18	25	-0.212153
19	25	-0.161865
20	25	0.198206
21	25	-0.163466
22	25	0.126719
23	25	-0.1018
24	25	0.076598
25	25	7.39113
26	25	1.4599
27	25	0.804291
28	25	-0.631122
29	25	0.468355
30	25	-0.373076
31	25	0.29951
32	25	-0.220182
33	25	-0.689658
34	25	-0.242756
35	25	-0.151319
36	25	0.101359
37	25	-0.00692984
38	25	-0.0159053
39	25	0.00211523
40	25	0.00292377
97	25	-0.418362
98	25	-4.6608
99	25	-0.320673
100	25	-0.387968
101	25	-0.318845
102	25	-0.249616
103	25	-0.209234
104	25	-0.184699
105	25	-0.0600223
106	25	-0.216803
107	25	-0.0369491
108	25	-0.0311452
109	25	-0.0111039
110	25	-0.00109111
111	25	-0.000219084
112	25	0.000711528
17	26	-0.225114
18	26	-0.0505299
19	26	-0.0385069
20	26	0.0328609
21	26	-0.0114448
22	26	0.000385291
23	26	0.000487676
24	26	0.00132465
25	26	1.4599
26	26	7.35568
27	26	0.802455
28	26	0.627538
29	26	0.466679
30	26	0.372743
31	26	0.298245
32	26	0.216195
33	26	-4.63025
34	26	-0.412277
35	26	-0.312373
36	26	0.38662
37	26	-0.321527
38	26	0.250374
39	26	-0.20787
40	26	0.181099
97	26	-0.26291
98	26	-0.697074
99	26	-0.158343
100	26	-0.097449
101	26	-0.00255812
102	26	0.0137651
103	26	0.000361227
104	26	-0.00226509
105	26	-0.211681
106	26	-2.14111
107	26	-0.160535
108	26	-0.195386
109	26	-0.162104
110	26	-0.127702
111	26	-0.103188
112	26	-0.0765185
17	27	-0.168492
18	27	-0.0374418
19	27	-0.0257211
20	27	0.0236453
21	27	-0.0103351
22	27	0.00249899
23	27	-0.000628419
24	27	0.000330774
25	27	0.804291
26	27	0.802455
27	27	0.286009
28	27	-0.000510624
29	27	-0.0221952
30	27	0.000162893
31	27	-0.00105989
32	27	-7.9722e-06
33	27	-0.444067
34	27	-0.113997
35	27	-0.0765647
36	27	0.0655627
37	27	-0.0224276
38	27	0.000608572
39	27	0.00141535
40	27	-0.000108286
97	27	-0.12156
98	27	-0.448583
99	27	-0.0796231
100	27	-0.0647924
101	27	-0.0205759
102	27	-0.000707993
103	27	0.000846711
104	27	2.67619e-05
105	27	-0.036724
106	27	-0.164224
107	27	-0.0249783
108	27	-0.0226836
109	27	-0.0100545
110	27	-0.00275451
111	27	-0.000798235
112	27	-0.000351371
17	28	0.200364
18	28	0.0302379
19	28	0.0223943
20	28	-0.0248792
21	28	0.0162048
22	28	-0.00815075
23	28	0.00386767
24	28	-0.00188513
25	28	-0.631122
26	28	0.627538
27	28	-0.000510624
28	28	0.293557
29	28	-0.000207402
30	28	-0.0427737
31	28	0.000113574
32	28	-0.00348106
33	28	-0.421053
34	28	-0.0324191
35	28	-0.0322032
36	28	0.0538808
37	28	-0.0493616
38	28	0.0264191
39	28	-0.00719827
40	28	0.000129651
97	28	0.0316073
98	28	0.423622
99	28	0.0325682
100	28	0.0553512
101	28	0.0496081
102	28	0.0252617
103	28	0.00659765
104	28	0.000357964
105	28	-0.0304612
106	28	-0.198312
107	28	-0.0223241
108	28	-0.0244194
109	28	-0.0158015
110	28	-0.00807205
111	28	-0.00392301
112	28	-0.00195076
17	29	-0.162421
18	29	-0.00956406
19	29	-0.00913602
20	29	0.0151986
21	29	-0.0157795
22	29	0.0121008
23	29	-0.0077614
24	29	0.00453954
25	29	0.468355
26	29	0.466679
27	29	-0.0221952
28	29	-0.000207402
29	29	0.289334
30	29	-3.17228e-05
31	29	-0.0585115
32	29	-0.000137809
33	29	-0.309255
34	29	0.00765556
35	29	-0.000975886
36	29	0.0201404
37	29	-0.0380777
38	29	0.0379204
39	29	-0.0242761
40	29	0.0102323
97	29	0.00963299
98	29	-0.309942
99	29	-0.000328857
100	29	-0.0207579
101	29	-0.0391998
102	29	-0.0380715
103	29	-0.0236059
104	29	-0.00981311
105	29	-0.0103784
106	29	-0.162785
107	29	-0.0095213
108	29	-0.0153651
109	29	-0.015538
110	29	-0.011769
111	29	-0.00760668
112	29	-0.00461837
17	30	0.126338
18	30	0.0010958
19	30	0.0022039
20	30	-0.0073414
21	30	0.0114718
22	30	-0.0119584
23	30	0.00985858
24	30	-0.0069065
25	30	-0.373076
26	30	0.372743
27	30	0.000162893
28	30	-0.0427737
29	30	-3.17228e-05
30	30	0.286719
31	30	0.000340359
32	30	-0.0714219
33	30	-0.24796
34	30	-0.000453228
35	30	-2.00249e-05
36	30	0.00353894
37	30	-0.0144566
38	30	0.0262633
39	30	-0.0287703
40	30	0.0213708
97	30	0.00016702
98	30	0.248444
99	30	-0.000105357
100	30	0.00308416
101	30	0.014709
102	30	0.0271232
103	30	0.0291718
104	30	0.0213163
105	30	-0.000619703
106	30	-0.126808
107	30	-0.00236689
108	30	-0.00754348
109	30	-0.0114178
110	30	-0.011736
111	30	-0.00983046
112	30	-0.0072041
17	31	-0.100812
18	31	0.000939319
19	31	-0.000648562
20	31	0.00345448
21	31	-0.00704918
22	31	0.00935538
23	31	-0.00967156
24	31	0.00817081
25	31	0.29951
26	31	0.298245
27	31	-0.00105989
28	31	0.000113574
29	31	-0.0585115
30	31	0.000340359
31	31	0.277166
32	31	0.000855752
33	31	-0.197095
34	31	-0.000967885
35	31	5.43058e-05
36	31	0.000151104
37	31	-0.00358589
38	31	0.0113084
39	31	-0.0193705
40	31	0.0228152
97	31	0.000212574
98	31	-0.199102
99	31	5.57385e-05
100	31	4.05864e-05
101	31	-0.0033514
102	31	-0.0115041
103	31	-0.020165
104	31	-0.0235917
105	31	-0.000177262
106	31	-0.101589
107	31	-0.000608419
108	31	-0.00352777
109	31	-0.00719605
110	31	-0.00960596
111	31	-0.0100713
112	31	-0.00816104
17	32	0.0735249
18	32	0.00111525
19	32	0.000305764
20	32	-0.0016352
21	32	0.00394669
22	32	-0.00636904
23	32	0.00763545
24	32	-0.00680244
25	32	-0.220182
26	32	0.216195
27	32	-7.9722e-06
28	32	-0.00348106
29	32	-0.000137809
30	32	-0.0714219
31	32	0.000855752
32	32	0.237672
33	32	-0.142042
34	32	-0.00109015
35	32	1.12398e-05
36	32	-1.29408e-05
37	32	-0.000599159
38	32	0.00342467
39	32	-0.00926802
40	32	0.0164296
97	32	-0.000657917
98	32	0.146861
99	32	-7.46403e-06
100	32	-2.67958e-05
101	32	0.000460218
102	32	0.00334051
103	32	0.00972857
104	32	0.0173823
105	32	0.000680108
106	32	-0.0743437
107	32	-0.000278415
108	32	-0.00172977
109	32	-0.00428733
110	32	-0.00687001
111	32	-0.00798809
112	32	-0.00713221
17	33	-0.316776
18	33	-0.55807
19	33	-0.150793
20	33	-0.0465208
21	33	0.00831686
22	33	-1.67411e-05
23	33	-0.000503719
24	33	-0.00133897
25	33	-0.689658
26	33	-4.63025
27	33	-0.444067
28	33	-0.421053
29	33	-0.309255
30	33	-0.24796
31	33	-0.197095
32	33	-0.142042
33	33	10.6749
34	33	1.98721
35	33	1.0383
36	33	-0.808047
37	33	0.645557
38	33	-0.505488
39	33	0.425565
40	33	-0.36332
41	33	-4.95711
42	33	-0.768954
43	33	-0.484711
44	33	0.443646
45	33	-0.322624
46	33	0.261176
47	33	-0.209092
48	33	0.155782
17	34	-0.786182
18	34	-6.00453
19	34	-0.521825
20	34	-0.524149
21	34	-0.401711
22	34	-0.325593
23	34	-0.267995
24	34	-0.218585
25	34	-0.242756
26	34	-0.412277
27	34	-0.113997
28	34	-0.0324191
29	34	0.00765556
30	34	-0.000453228
31	34	-0.000967885
32	34	-0.00109015
33	34	1.98721
34	34	10.9475
35	34	1.04828
36	34	0.829924
37	34	0.67121
38	34	0.532437
39	34	0.449782
40	34	0.385767
41	34	-0.503296
42	34	-0.351345
43	34	-0.152072
44	34	0.0253694
45	34	0.0137612
46	34	0.00387339
47	34	-0.000535723
48	34	0.00153279
17	35	-0.186491
18	35	-0.417807
19	35	-0.0972706
20	35	-0.045885
21	35	-0.00444265
22	35	-0.000418636
23	35	1.58955e-05
24	35	-9.42386e-07
25	35	-0.151319
26	35	-0.312373
27	35	-0.0765647
28	35	-0.0322032
29	35	-0.000975886
30	35	-2.00249e-05
31	35	5.43058e-05
32	35	1.12398e-05
33	35	1.0383
34	35	1.04828
35	35	0.349693
36	35	0.00112029
37	35	-0.0031866
38	35	0.00100814
39	35	0.000701016
40	35	-4.81183e-05
41	35	-0.361512
42	35	-0.193436
43	35	-0.0936675
44	35	0.033104
45	35	0.00131623
46	35	0.000478716
47	35	0.000186392
48	35	0.000176501
17	36	-0.106215
18	36	-0.50506
19	36	-0.075735
20	36	-0.0734623
21	36	-0.0331263
22	36	-0.00706316
23	36	-0.000551642
24	36	4.98975e-05
25	36	0.101359
26	36	0.38662
27	36	0.0655627
28	36	0.0538808
29	36	0.0201404
30	36	0.00353894
31	36	0.000151104
32	36	-1.29408e-05
33	36	-0.808047
34	36	0.829924
35	36	0.00112029
36	36	0.350819
37	36	0.00269412
38	36	-0.0262215
39	36	0.000572188
40	36	0.000398739
41	36	0.413825
42	36	0.0910586
43	36	0.0664075
44	36	-0.0627067
45	36	0.02283
46	36	-0.00197855
47	36	1.98667e-06
48	36	-0.000201049
17	37	0.00463796
18	37	-0.415118
19	37	-0.0205593
20	37	-0.0606602
21	37	-0.0549561
22	37	-0.0248696
23	37	-0.00694572
24	37	-0.00107365
25	37	-0.00692984
26	37	-0.321527
27	37	-0.0224276
28	37	-0.0493616
29	37	-0.0380777
30	37	-0.0144566
31	37	-0.00358589
32	37	-0.000599159
33	37	0.645557
34	37	0.67121
35	37	-0.0031866
36	37	0.00269412
37	37	0.32737
38	37	0.00220663
39	37	-0.0425199
40	37	0.000448626
41	37	-0.329692
42	37	0.0118041
43	37	-0.0162263
44	37	0.0536597
45	37	-0.0443537
46	37	0.0158696
47	37	-0.00310764
48	37	0.000458699
17	38	0.0164107
18	38	-0.325195
19	38	0.00170824
20	38	-0.0262048
21	38	-0.0482474
22	38	-0.0403574
23	38	-0.0198672
24	38	-0.00645808
25	38	-0.0159053
26	38	0.250374
27	38	0.000608572
28	38	0.0264191
29	38	0.0379204
30	38	0.0262633
31	38	0.0113084
32	38	0.00342467
33	38	-0.505488
34	38	0.532437
35	38	0.00100814
36	38	-0.0262215
37	38	0.00220663
38	38	0.31577
39	38	0.00192161
40	38	-0.0551263
41	38	0.260184
42	38	-0.00960304
43	38	0.000157816
44	38	-0.0229935
45	38	0.0411908
46	38	-0.0311335
47	38	0.0124269
48	38	-0.0032056
17	39	-0.0015698
18	39	-0.271927
19	39	0.00167221
20	39	-0.00346885
21	39	-0.0253792
22	39	-0.0386199
23	39	-0.0309423
24	39	-0.0167255
25	39	0.00211523
26	39	-0.20787
27	39	0.00141535
28	39	-0.00719827
29	39	-0.0242761
30	39	-0.0287703
31	39	-0.0193705
32	39	-0.00926802
33	39	0.425565
34	39	0.449782
35	39	0.000701016
36	39	0.000572188
37	39	-0.0425199
38	39	0.00192161
39	39	0.308889
40	39	0.00163296
41	39	-0.218051
42	39	-0.00335518
43	39	0.000189752
44	39	0.00452872
45	39	-0.0230294
46	39	0.0321751
47	39	-0.0231126
48	39	0.0101881
17	40	-0.00304649
18	40	-0.23717
19	40	1.18876e-06
20	40	0.001763
21	40	-0.00707708
22	40	-0.0235725
23	40	-0.0313187
24	40	-0.0269432
25	40	0.00292377
26	40	0.181099
27	40	-0.000108286
28	40	0.000129651
29	40	0.0102323
30	40	0.0213708
31	40	0.0228152
32	40	0.0164296
33	40	-0.36332
34	40	0.385767
35	40	-4.81183e-05
36	40	0.000398739
37	40	0.000448626
38	40	-0.0551263
39	40	0.00163296
40	40	0.296033
41	40	0.182127
42	40	0.00087401
43	40	-2.014e-05
44	40	-0.000272284
45	40	0.00818602
46	40	-0.0214906
47	40	0.0253482
48	40	-0.0171467
33	41	-4.95711
34	41	-0.503296
35	41	-0.361512
36	41	0.413825
37	41	-0.329692
38	41	0.260184
39	41	-0.218051
40	41	0.182127
41	41	7.73725
42	41	1.61992
43	41	0.85553
44	41	-0.640239
45	41	0.485847
46	41	-0.385172
47	41	0.31062
48	41	-0.231149
49	41	-2.16558
50	41	-0.225114
51	41	-0.168492
52	41	0.200364
53	41	-0.162421
54	41	0.126338
55	41	-0.100812
56	41	0.0735249
57	41	-0.316776
58	41	-0.786182
59	41	-0.186491
60	41	-0.106215
61	41	0.00463796
62	41	0.0164107
63	41	-0.0015698
64	41	-0.00304649
33	42	-0.768954
34	42	-0.351345
35	42	-0.193436
36	42	0.0910586
37	42	0.0118041
38	42	-0.00960304
39	42	-0.00335518
40	42	0.00087401
41	42	1.61992
42	42	8.81714
43	42	0.899658
44	42	0.725487
45	42	0.555858
46	42	0.454084
47	42	0.375674
48	42	0.296228
49	42	-0.212153
50	42	-0.0505299
51	42	-0.0374418
52	42	0.0302379
53	42	-0.00956406
54	42	0.0010958
55	42	0.00093932
56	42	0.00111525
57	42	-0.55807
58	42	-6.00453
59	42	-0.417807
60	42	-0.50506
61	42	-0.415118
62	42	-0.325195
63	42	-0.271927
64	42	-0.23717
33	43	-0.484711
34	43	-0.152072
35	43	-0.0936675
36	43	0.0664075
37	43	-0.0162263
38	43	0.000157816
39	43	0.000189752
40	43	-2.014e-05
41	43	0.85553
42	43	0.899658
43	43	0.307441
44	43	0.00737657
45	43	-0.0181594
46	43	0.00155424
47	43	-0.00083625
48	43	5.32842e-05
49	43	-0.161865
50	43	-0.0385069
51	43	-0.0257211
52	43	0.0223943
53	43	-0.00913602
54	43	0.0022039
55	43	-0.000648562
56	43	0.000305764
57	43	-0.150793
58	43	-0.521825
59	43	-0.0972706
60	43	-0.075735
61	43	-0.0205593
62	43	0.00170824
63	43	0.00167222
64	43	1.18945e-06
33	44	0.443646
34	44	0.0253694
35	44	0.033104
36	44	-0.0627067
37	44	0.0536597
38	44	-0.0229935
39	44	0.00452872
40	44	-0.000272284
41	44	-0.640239
42	44	0.725487
43	44	0.00737657
44	44	0.310084
45	44	0.00691616
46	44	-0.0378923
47	44	0.00179202
48	44	-0.00290977
49	44	0.198206
50	44	0.0328609
51	44	0.0236453
52	44	-0.0248792
53	44	0.0151986
54	44	-0.0073414
55	44	0.00345448
56	44	-0.0016352
57	44	-0.0465208
58	44	-0.524149
59	44	-0.045885
60	44	-0.0734623
61	44	-0.0606602
62	44	-0.0262048
63	44	-0.00346885
64	44	0.001763
33	45	-0.322624
34	45	0.0137612
35	45	0.00131623
36	45	0.02283
37	45	-0.0443537
38	45	0.0411908
39	45	-0.0230294
40	45	0.00818602
41	45	0.485847
42	45	0.555858
43	45	-0.0181594
44	45	0.00691616
45	45	0.301609
46	45	0.00581726
47	45	-0.053734
48	45	0.00195533
49	45	-0.163466
50	45	-0.0114448
51	45	-0.0103351
52	45	0.0162048
53	45	-0.0157795
54	45	0.0114718
55	45	-0.00704918
56	45	0.00394669
57	45	0.00831686
58	45	-0.401711
59	45	-0.00444265
60	45	-0.0331263
61	45	-0.0549561
62	45	-0.0482474
63	45	-0.0253792
64	45	-0.00707708
33	46	0.261176
34	46	0.00387339
35	46	0.000478716
36	46	-0.00197855
37	46	0.0158696
38	46	-0.0311335
39	46	0.0321751
40	46	-0.0214906
41	46	-0.385172
42	46	0.454084
43	46	0.00155424
44	46	-0.0378923
45	46	0.00581726
46	46	0.296132
47	46	0.00530819
48	46	-0.0662342
49	46	0.126719
50	46	0.000385291
51	46	0.00249899
52	46	-0.00815075
53	46	0.0121008
54	46	-0.0119584
55	46	0.00935538
56	46	-0.00636904
57	46	-1.67407e-05
58	46	-0.325593
59	46	-0.000418635
60	46	-0.00706316
61	46	-0.0248696
62	46	-0.0403574
63	46	-0.0386199
64	46	-0.0235725
33	47	-0.209092
34	47	-0.000535723
35	47	0.000186392
36	47	1.98667e-06
37	47	-0.00310764
38	47	0.0124269
39	47	-0.0231126
40	47	0.0253482
41	47	0.31062
42	47	0.375674
43	47	-0.00083625
44	47	0.00179202
45	47	-0.053734
46	47	0.00530819
47	47	0.28756
48	47	0.00713297
49	47	-0.1018
50	47	0.000487675
51	47	-0.000628419
52	47	0.00386767
53	47	-0.0077614
54	47	0.00985858
55	47	-0.00967156
56	47	0.00763545
57	47	-0.000503719
58	47	-0.267995
59	47	1.58953e-05
60	47	-0.000551642
61	47	-0.00694572
62	47	-0.0198672
63	47	-0.0309423
64	47	-0.0313187
33	48	0.155782
34	48	0.00153279
35	48	0.000176501
36	48	-0.000201049
37	48	0.000458699
38	48	-0.0032056
39	48	0.0101881
40	48	-0.0171467
41	48	-0.231149
42	48	0.296228
43	48	5.32842e-05
44	48	-0.00290977
45	48	0.00195533
46	48	-0.0662342
47	48	0.00713297
48	48	0.255363
49	48	0.076598
50	48	0.00132465
51	48	0.000330774
52	48	-0.00188513
53	48	0.00453954
54	48	-0.0069065
55	48	0.00817081
56	48	-0.00680244
57	48	-0.00133897
58	48	-0.218585
59	48	-9.42633e-07
60	48	4.98972e-05
61	48	-0.00107365
62	48	-0.00645808
63	48	-0.0167255
64	48	-0.0269432
41	49	-2.16558
42	49	-0.212153
43	49	-0.161865
44	49	0.198206
45	49	-0.163466
46	49	0.126719
47	49	-0.1018
48	49	0.076598
49	49	7.39113
50	49	1.4599
51	49	0.804291
52	49	-0.631122
53	49	0.468355
54	49	-0.373076
55	49	0.29951
56	49	-0.220182
57	49	-0.689658
58	49	-0.242756
59	49	-0.151319
60	49	0.101359
61	49	-0.00692984
62	49	-0.0159053
63	49	0.00211523
64	49	0.00292377
121	49	-0.418362
122	49	-4.6608
123	49	-0.320673
124	49	-0.387968
125	49	-0.318845
126	49	-0.249616
127	49	-0.209234
128	49	-0.184699
41	50	-0.225114
42	50	-0.0505299
43	50	-0.0385069
44	50	0.0328609
45	50	-0.0114448
46	50	0.000385291
47	50	0.000487675
48	50	0.00132465
49	50	1.4599
50	50	7.35568
51	50	0.802455
52	50	0.627538
53	50	0.466679
54	50	0.372743
55	50	0.298245
56	50	0.216195
57	50	-4.63025
58	50	-0.412277
59	50	-0.312373
60	50	0.38662
61	50	-0.321527
62	50	0.250374
63	50	-0.20787
64	50	0.181099
121	50	-0.26291
122	50	-0.697074
123	50	-0.158343
124	50	-0.097449
125	50	-0.00255812
126	50	0.0137651
127	50	0.000361227
128	50	-0.00226509
41	51	-0.168492
42	51	-0.0374418
43	51	-0.0257211
44	51	0.0236453
45	51	-0.0103351
46	51	0.00249899
47	51	-0.000628419
48	51	0.000330774
49	51	0.804291
50	51	0.802455
51	51	0.286009
52	51	-0.000510624
53	51	-0.0221952
54	51	0.000162893
55	51	-0.00105989
56	51	-7.97198e-06
57	51	-0.444067
58	51	-0.113997
59	51	-0.0765647
60	51	0.0655627
61	51	-0.0224276
62	51	0.000608572
63	51	0.00141535
64	51	-0.000108286
121	51	-0.12156
122	51	-0.448583
123	51	-0.0796231
124	51	-0.0647924
125	51	-0.0205759
126	51	-0.000707993
127	51	0.000846711
128	51	2.67618e-05
41	52	0.200364
42	52	0.0302379
43	52	0.0223943
44	52	-0.0248792
45	52	0.0162048
46	52	-0.00815075
47	52	0.00386767
48	52	-0.00188513
49	52	-0.631122
50	52	0.627538
51	52	-0.000510624
52	52	0.293557
53	52	-0.000207402
54	52	-0.0427737
55	52	0.000113574
56	52	-0.00348106
57	52	-0.421053
58	52	-0.0324191
59	52	-0.0322032
60	52	0.0538808
61	52	-0.0493616
62	52	0.0264191
63	52	-0.00719827
64	52	0.000129651
121	52	0.0316073
122	52	0.423622
123	52	0.0325682
124	52	0.0553512
125	52	0.0496081
126	52	0.0252617
127	52	0.00659765
128	52	0.000357964
41	53	-0.162421
42	53	-0.00956406
43	53	-0.00913602
44	53	0.0151986
45	53	-0.0157795
46	53	0.0121008
47	53	-0.0077614
48	53	0.00453954
49	53	0.468355
50	53	0.466679
51	53	-0.0221952
52	53	-0.000207402
53	53	0.289334
54	53	-3.17226e-05
55	53	-0.0585115
56	53	-0.000137809
57	53	-0.309255
58	53	0.00765556
59	53	-0.000975887
60	53	0.0201404
61	53	-0.0380777
62	53	0.0379204
63	53	-0.0242761
64	53	0.0102323
121	53	0.00963299
122	53	-0.309942
123	53	-0.000328857
124	53	-0.0207579
125	53	-0.0391998
126	53	-0.0380715
127	53	-0.0236059
128	53	-0.00981311
41	54	0.126338
42	54	0.0010958
43	54	0.0022039
44	54	-0.0073414
45	54	0.0114718
46	54	-0.0119584
47	54	0.00985858
48	54	-0.0069065
49	54	-0.373076
50	54	0.372743
51	54	0.000162893
52	54	-0.0427737
53	54	-3.17226e-05
54	54	0.286719
55	54	0.000340359
56	54	-0.0714219
57	54	-0.24796
58	54	-0.000453229
59	54	-2.0025e-05
60	54	0.00353894
61	54	-0.0144566
62	54	0.0262633
63	54	-0.0287703
64	54	0.0213708
121	54	0.000167019
122	54	0.248444
123	54	-0.000105357
124	54	0.00308416
125	54	0.014709
126	54	0.0271232
127	54	0.0291718
128	54	0.0213163
41	55	-0.100812
42	55	0.00093932
43	55	-0.000648562
44	55	0.00345448
45	55	-0.00704918
46	55	0.00935538
47	55	-0.00967156
48	55	0.00817081
49	55	0.29951
50	55	0.298245
51	55	-0.00105989
52	55	0.000113574
53	55	-0.0585115
54	55	0.000340359
55	55	0.277166
56	55	0.000855753
57	55	-0.197095
58	55	-0.000967884
59	55	5.43062e-05
60	55	0.000151103
61	55	-0.00358589
62	55	0.0113084
63	55	-0.0193705
64	55	0.0228152
121	55	0.000212574
122	55	-0.199102
123	55	5.5739e-05
124	55	4.05869e-05
125	55	-0.0033514
126	55	-0.0115041
127	55	-0.020165
128	55	-0.0235917
41	56	0.0735249
42	56	0.00111525
43	56	0.000305764
44	56	-0.0016352
45	56	0.00394669
46	56	-0.00636904
47	56	0.00763545
48	56	-0.00680244
49	56	-0.220182
50	56	0.216195
51	56	-7.97198e-06
52	56	-0.00348106
53	56	-0.000137809
54	56	-0.0714219
55	56	0.000855753
56	56	0.237672
57	56	-0.142042
58	56	-0.00109014
59	56	1.12401e-05
60	56	-1.29412e-05
61	56	-0.000599159
62	56	0.00342467
63	56	-0.00926802
64	56	0.0164296
121	56	-0.000657917
122	56	0.146861
123	56	-7.46431e-06
124	56	-2.67964e-05
125	56	0.000460217
126	56	0.00334051
127	56	0.00972857
128	56	0.0173823
41	57	-0.316776
42	57	-0.55807
43	57	-0.150793
44	57	-0.0465208
45	57	0.00831686
46	57	-1.67407e-05
47	57	-0.000503719
48	57	-0.00133897
49	57	-0.689658
50	57	-4.63025
51	57	-0.444067
52	57	-0.421053
53	57	-0.309255
54	57	-0.24796
55	57	-0.197095
56	57	-0.142042
57	57	10.6749
58	57	1.98721
59	57	1.0383
60	57	-0.808047
61	57	0.645557
62	57	-0.505488
63	57	0.425565
64	57	-0.36332
41	58	-0.786182
42	58	-6.00453
43	58	-0.521825
44	58	-0.524149
45	58	-0.401711
46	58	-0.325593
47	58	-0.267995
48	58	-0.218585
49	58	-0.242756
50	58	-0.412277
51	58	-0.113997
52	58	-0.0324191
53	58	0.00765556
54	58	-0.000453229
55	58	-0.000967884
56	58	-0.00109014
57	58	1.98721
58	58	10.9475
59	58	1.04828
60	58	0.829924
61	58	0.67121
62	58	0.532437
63	58	0.449782
64	58	0.385767
41	59	-0.186491
42	59	-0.417807
43	59	-0.0972706
44	59	-0.045885
45	59	-0.00444265
46	59	-0.000418635
47	59	1.58953e-05
48	59	-9.42633e-07
49	59	-0.151319
50	59	-0.312373
51	59	-0.0765647
52	59	-0.0322032
53	59	-0.000975887
54	59	-2.0025e-05
55	59	5.43062e-05
56	59	1.12401e-05
57	59	1.0383
58	59	1.04828
59	59	0.349693
60	59	0.00112029
61	59	-0.0031866
62	59	0.00100814
63	59	0.000701015
64	59	-4.81184e-05
41	60	-0.106215
42	60	-0.50506
43	60	-0.075735
44	60	-0.0734623
45	60	-0.0331263
46	60	-0.00706316
47	60	-0.000551642
48	60	4.98972e-05
49	60	0.101359
50	60	0.38662
51	60	0.0655627
52	60	0.0538808
53	60	0.0201404
54	60	0.00353894
55	60	0.000151103
56	60	-1.29412e-05
57	60	-0.808047
58	60	0.829924
59	60	0.00112029
60	60	0.350819
61	60	0.00269412
62	60	-0.0262215
63	60	0.000572187
64	60	0.000398738
41	61	0.00463796
42	61	-0.415118
43	61	-0.0205593
44	61	-0.0606602
45	61	-0.0549561
46	61	-0.0248696
47	61	-0.00694572
48	61	-0.00107365
49	61	-0.00692984
50	61	-0.321527
51	61	-0.0224276
52	61	-0.0493616
53	61	-0.0380777
54	61	-0.0144566
55	61	-0.00358589
56	61	-0.000599159
57	61	0.645557
58	61	0.67121
59	61	-0.0031866
60	61	0.00269412
61	61	0.32737
62	61	0.00220663
63	61	-0.0425199
64	61	0.000448625
41	62	0.0164107
42	62	-0.325195
43	62	0.00170824
44	62	-0.0262048
45	62	-0.0482474
46	62	-0.0403574
47	62	-0.0198672
48	62	-0.00645808
49	62	-0.0159053
50	62	0.250374
51	62	0.000608572
52	62	0.0264191
53	62	0.0379204
54	62	0.0262633
55	62	0.0113084
56	62	0.00342467
57	62	-0.505488
58	62	0.532437
59	62	0.00100814
60	62	-0.0262215
61	62	0.00220663
62	62	0.31577
63	62	0.00192161
64	62	-0.0551263
41	63	-0.0015698
42	63	-0.271927
43	63	0.00167222
44	63	-0.00346885
45	63	-0.0253792
46	63	-0.0386199
47	63	-0.0309423
48	63	-0.0167255
49	63	0.00211523
50	63	-0.20787
51	63	0.00141535
52	63	-0.00719827
53	63	-0.0242761
54	63	-0.0287703
55	63	-0.0193705
56	63	-0.00926802
57	63	0.425565
58	63	0.449782
59	63	0.000701015
60	63	0.000572187
61	63	-0.0425199
62	63	0.00192161
63	63	0.308889
64	63	0.00163295
41	64	-0.00304649
42	64	-0.23717
43	64	1.18945e-06
44	64	0.001763
45	64	-0.00707708
46	64	-0.0235725
47	64	-0.0313187
48	64	-0.0269432
49	64	0.00292377
50	64	0.181099
51	64	-0.000108286
52	64	0.000129651
53	64	0.0102323
54	64	0.0213708
55	64	0.0228152
56	64	0.0164296
57	64	-0.36332
58	64	0.385767
59	64	-4.81184e-05
60	64	0.000398738
61	64	0.000448625
62	64	-0.0551263
63	64	0.00163295
64	64	0.296033
65	65	7.4005
66	65	1.46041
67	65	0.802894
68	65	-0.628064
69	65	0.467113
70	65	-0.373227
71	65	0.300386
72	65	-0.226405
73	65	-0.697845
74	65	-0.263643
75	65	-0.158399
76	65	0.0974971
77	65	-0.00258268
78	65	-0.0137507
79	65	0.000321745
80	65	0.00224448
129	65	-0.413557
130	65	-4.658
131	65	-0.312256
132	65	-0.386449
133	65	-0.321394
134	65	-0.25051
135	65	-0.210242
136	65	-0.187247
137	65	-0.049015
138	65	-0.224666
139	65	-0.0384822
140	65	-0.0328998
141	65	-0.0113681
142	65	-0.000737844
143	65	0.00120597
144	65	-0.00133637
65	66	1.46041
66	66	7.37816
67	66	0.804275
68	66	0.630667
69	66	0.467872
70	66	0.372712
71	66	0.298659
72	66	0.220236
73	66	-4.64257
74	66	-0.418445
75	66	-0.320809
76	66	0.388093
77	66	-0.318891
78	66	0.249607
79	66	-0.208316
80	66	0.184382
129	66	-0.248447
130	66	-0.690672
131	66	-0.151686
132	66	-0.101347
133	66	-0.00717373
134	66	0.0159969
135	66	0.00199258
136	66	-0.00243257
137	66	-0.20798
138	66	-2.17289
139	66	-0.161879
140	66	-0.198302
141	66	-0.163712
142	66	-0.127145
143	66	-0.102442
144	66	-0.0751831
65	67	0.802894
66	67	0.804275
67	67	0.286104
68	67	0.00038213
69	67	-0.0222347
70	67	-0.000104397
71	67	-0.00104696
72	67	-1.34056e-05
73	67	-0.448771
74	67	-0.121611
75	67	-0.0796566
76	67	0.0648262
77	67	-0.0205953
78	67	0.000712156
79	67	0.000855023
80	67	-3.72064e-05
129	67	-0.113955
130	67	-0.443877
131	67	-0.0765301
132	67	-0.0655273
133	67	-0.0224093
134	67	-0.000605406
135	67	0.00140608
136	67	9.82608e-05
137	67	-0.037435
138	67	-0.168461
139	67	-0.0257188
140	67	-0.0236424
141	67	-0.0103332
142	67	-0.00249899
143	67	-0.00062779
144	67	-0.000320106
65	68	-0.628064
66	68	0.630667
67	68	0.00038213
68	68	0.293585
69	68	0.000165336
70	68	-0.0427755
71	68	-7.41135e-05
72	68	-0.00348803
73	68	-0.423815
74	68	-0.0315901
75	68	-0.0325903
76	68	0.0553829
77	68	-0.0496313
78	68	0.0252698
79	68	-0.00659377
80	68	0.000358847
129	68	0.0323211
130	68	0.420898
131	68	0.0321812
132	68	0.0538559
133	68	0.0493405
134	68	0.0264161
135	68	0.00719296
136	68	0.000127273
137	68	-0.0301793
138	68	-0.200262
139	68	-0.0223941
140	68	-0.0248772
141	68	-0.0162006
142	68	-0.00815003
143	68	-0.00386386
144	68	-0.00182369
65	69	0.467113
66	69	0.467872
67	69	-0.0222347
68	69	0.000165336
69	69	0.289383
70	69	7.07277e-05
71	69	-0.0584063
72	69	-7.95784e-05
73	69	-0.310022
74	69	0.00969528
75	69	-0.000331681
76	69	0.0207661
77	69	-0.0392113
78	69	0.0380784
79	69	-0.0236146
80	69	0.00978151
129	69	0.00766345
130	69	-0.30932
131	69	-0.000978985
132	69	-0.0201212
133	69	-0.038067
134	69	-0.0378943
135	69	-0.0242564
136	69	-0.0103335
137	69	-0.00962145
138	69	-0.162139
139	69	-0.00913658
140	69	-0.0151954
141	69	-0.0157699
142	69	-0.0120968
143	69	-0.00770266
144	69	-0.00437179
65	70	-0.373227
66	70	0.372712
67	70	-0.000104397
68	70	-0.0427755
69	70	7.07277e-05
70	70	0.286927
71	70	-0.000106522
72	70	-0.0719277
73	70	-0.248487
74	70	2.84581e-05
75	70	0.000111325
76	70	0.0030765
77	70	-0.0147076
78	70	0.0271291
79	70	-0.0291547
80	70	0.0212044
129	70	-0.000527804
130	70	0.248188
131	70	1.95069e-05
132	70	0.00357717
133	70	0.0144627
134	70	0.0262661
135	70	0.0287728
136	70	0.0216451
137	70	-0.000200783
138	70	-0.125863
139	70	-0.00220168
140	70	-0.00732306
141	70	-0.0114257
142	70	-0.011899
143	70	-0.00980493
144	70	-0.00683287
65	71	0.300386
66	71	0.298659
67	71	-0.00104696
68	71	-7.41135e-05
69	71	-0.0584063
70	71	-0.000106522
71	71	0.279286
72	71	-0.000644043
73	71	-0.198006
74	71	0.000191086
75	71	6.2162e-05
76	71	-5.09757e-05
77	71	-0.00333313
78	71	0.0114784
79	71	-0.0199915
80	71	0.0234072
129	71	-0.001388
130	71	-0.199111
131	71	1.32336e-05
132	71	-0.000129909
133	71	-0.00356376
134	71	-0.0112484
135	71	-0.0195076
136	71	-0.0231468
137	71	0.00119521
138	71	-0.100956
139	71	-0.000645935
140	71	-0.00345332
141	71	-0.00704831
142	71	-0.00939887
143	71	-0.00969328
144	71	-0.00795615
65	72	-0.226405
66	72	0.220236
67	72	-1.34056e-05
68	72	-0.00348803
69	72	-7.95784e-05
70	72	-0.0719277
71	72	-0.000644043
72	72	0.242662
73	72	-0.144393
74	72	0.000598507
75	72	9.11696e-06
76	72	-3.55398e-05
77	72	-0.000441454
78	72	0.00332352
79	72	-0.0095704
80	72	0.0174779
129	72	0.00103582
130	72	0.150776
131	72	-9.54649e-05
132	72	-6.25566e-05
133	72	0.00056265
134	72	0.00356844
135	72	0.00988878
136	72	0.0176806
137	72	-0.0013043
138	72	-0.0760005
139	72	-0.000318776
140	72	-0.00168512
141	72	-0.00410473
142	72	-0.00652376
143	72	-0.00802342
144	72	-0.00670585
1	73	-0.418362
2	73	-0.26291
3	73	-0.12156
4	73	0.0316073
5	73	0.00963299
6	73	0.000167019
7	73	0.000212574
8	73	-0.000657917
65	73	-0.697845
66	73	-4.64257
67	73	-0.448771
68	73	-0.423815
69	73	-0.310022
70	73	-0.248487
71	73	-0.198006
72	73	-0.144393
73	73	10.6335
74	73	1.93898
75	73	1.03146
76	73	-0.806198
77	73	0.642838
78	73	-0.506456
79	73	0.427791
80	73	-0.378537
81	73	-4.85706
82	73	-0.711379
83	73	-0.458259
84	73	0.435998
85	73	-0.322878
86	73	0.260553
87	73	-0.209516
88	73	0.156647
1	74	-4.6608
2	74	-0.697074
3	74	-0.448583
4	74	0.423622
5	74	-0.309942
6	74	0.248444
7	74	-0.199102
8	74	0.146861
65	74	-0.263643
66	74	-0.418445
67	74	-0.121611
68	74	-0.0315901
69	74	0.00969528
70	74	2.84581e-05
71	74	0.000191086
72	74	0.000598507
73	74	1.93898
74	74	10.6601
75	74	1.03175
76	74	0.806848
77	74	0.643443
78	74	0.506445
79	74	0.42885
80	74	0.376679
81	74	-0.43478
82	74	-0.272367
83	74	-0.125354
84	74	0.0327442
85	74	0.0089409
86	74	0.000572666
87	74	0.000207568
88	74	-0.000718661
1	75	-0.320673
2	75	-0.158343
3	75	-0.0796231
4	75	0.0325682
5	75	-0.000328856
6	75	-0.000105357
7	75	5.57387e-05
8	75	-7.46411e-06
65	75	-0.158399
66	75	-0.320809
67	75	-0.0796566
68	75	-0.0325903
69	75	-0.000331681
70	75	0.000111325
71	75	6.2162e-05
72	75	9.11696e-06
73	75	1.03146
74	75	1.03175
75	75	0.347035
76	75	5.5318e-05
77	75	-0.00479827
78	75	4.22277e-05
79	75	0.000731069
80	75	-5.24726e-05
81	75	-0.333344
82	75	-0.162845
83	75	-0.0819003
84	75	0.0339117
85	75	-0.00108312
86	75	0.000218058
87	75	5.89981e-05
88	75	-9.08959e-06
1	76	-0.387968
2	76	-0.097449
3	76	-0.0647924
4	76	0.0553512
5	76	-0.0207579
6	76	0.00308416
7	76	4.05865e-05
8	76	-2.6796e-05
65	76	0.0974971
66	76	0.388093
67	76	0.0648262
68	76	0.0553829
69	76	0.0207661
70	76	0.0030765
71	76	-5.09757e-05
72	76	-3.55398e-05
73	76	-0.806198
74	76	0.806848
75	76	5.5318e-05
76	76	0.347326
77	76	9.20233e-05
78	76	-0.0279344
79	76	-2.64524e-05
80	76	0.000438277
81	76	0.404157
82	76	0.0988197
83	76	0.0663016
84	76	-0.0576585
85	76	0.0223713
86	76	-0.00379494
87	76	0.000192312
88	76	3.53891e-06
1	77	-0.318845
2	77	-0.00255812
3	77	-0.0205759
4	77	0.0496081
5	77	-0.0391998
6	77	0.014709
7	77	-0.0033514
8	77	0.000460218
65	77	-0.00258268
66	77	-0.318891
67	77	-0.0205953
68	77	-0.0496313
69	77	-0.0392113
70	77	-0.0147076
71	77	-0.00333313
72	77	-0.000441454
73	77	0.642838
74	77	0.643443
75	77	-0.00479827
76	77	9.20233e-05
77	77	0.324269
78	77	1.69606e-05
79	77	-0.043968
80	77	-3.02172e-05
81	77	-0.333361
82	77	-0.0016411
83	77	-0.0208042
84	77	0.0513343
85	77	-0.04119
86	77	0.0160468
87	77	-0.00399051
88	77	0.000636975
1	78	-0.249616
2	78	0.0137651
3	78	-0.000707992
4	78	0.0252617
5	78	-0.0380715
6	78	0.0271232
7	78	-0.0115041
8	78	0.00334051
65	78	-0.0137507
66	78	0.249607
67	78	0.000712156
68	78	0.0252698
69	78	0.0380784
70	78	0.0271291
