294	294	8330
1	1	6.92123
2	1	1.45801
3	1	0.804299
4	1	-0.631146
5	1	0.468076
6	1	-0.367079
7	1	0.270094
8	1	-0.687742
9	1	-0.244793
10	1	-0.151323
11	1	0.101348
12	1	-0.00697871
13	1	-0.0159968
14	1	0.00214771
64	1	-0.427848
65	1	-4.35008
66	1	-0.3207
67	1	-0.387983
68	1	-0.318559
69	1	-0.250695
70	1	-0.213005
71	1	-0.0505345
72	1	-0.216831
73	1	-0.0369472
74	1	-0.0311994
75	1	-0.0110245
76	1	-0.00160444
77	1	0.00104363
1	2	1.45801
2	2	6.88012
3	2	0.802467
4	2	0.627358
5	2	0.465908
6	2	0.365603
7	2	0.26546
8	2	-4.31593
9	2	-0.397259
10	2	-0.312373
11	2	0.386599
12	2	-0.32125
13	2	0.250025
14	2	-0.208799
64	2	-0.264445
65	2	-0.697104
66	2	-0.158345
67	2	-0.0974585
68	2	-0.00255985
69	2	0.0138015
70	2	0.000269097
71	2	-0.210145
72	2	-1.97986
73	2	-0.160549
74	2	-0.195462
75	2	-0.162276
76	2	-0.126086
77	2	-0.0932838
1	3	0.804299
2	3	0.802467
3	3	0.286007
4	3	-0.000509149
5	3	-0.0222306
6	3	0.000166665
7	3	-0.00113662
8	3	-0.444086
9	3	-0.113992
10	3	-0.0765646
11	3	0.0655627
12	3	-0.0224276
13	3	0.000607243
14	3	0.00140873
64	3	-0.121575
65	3	-0.448583
66	3	-0.0796231
67	3	-0.0647924
68	3	-0.0205757
69	3	-0.000707428
70	3	0.000850337
71	3	-0.0367088
72	3	-0.164218
73	3	-0.024979
74	3	-0.0226883
75	3	-0.0100692
76	3	-0.00278947
77	3	-0.000840339
1	4	-0.631146
2	4	0.627358
3	4	-0.000509149
4	4	0.293487
5	4	-0.000179056
6	4	-0.0432585
7	4	-2.34503e-05
8	4	-0.420912
9	4	-0.0323274
10	4	-0.0322031
11	4	0.0538803
12	4	-0.049363
13	4	0.0264437
14	4	-0.00717283
64	4	0.0315486
65	4	0.423618
66	4	0.0325682
67	4	0.0553514
68	4	0.0496079
69	4	0.0252662
70	4	0.00659597
71	4	-0.0304022
72	4	-0.198279
73	4	-0.0223284
74	4	-0.024446
75	4	-0.0158877
76	4	-0.00827411
77	4	-0.00419336
1	5	0.468076
2	5	0.465908
3	5	-0.0222306
4	5	-0.000179056
5	5	0.288603
6	5	0.000216945
7	5	-0.0599435
8	5	-0.308724
9	5	0.00799114
10	5	-0.000975442
11	5	0.0201378
12	5	-0.0380959
13	5	0.0379129
14	5	-0.0240123
64	5	0.00934016
65	5	-0.309838
66	5	-0.000328548
67	5	-0.0207557
68	5	-0.0392058
69	5	-0.0380858
70	5	-0.0236687
71	5	-0.0100847
72	5	-0.162558
73	5	-0.00953476
74	5	-0.0154429
75	5	-0.0157776
76	5	-0.0124678
77	5	-0.00836939
1	6	-0.367079
2	6	0.365603
3	6	0.000166665
4	6	-0.0432585
5	6	0.000216945
6	6	0.280328
7	6	0.000758622
8	6	-0.242724
9	6	0.00097634
10	6	-1.95516e-05
11	6	0.00354098
12	6	-0.0144325
13	6	0.026197
14	6	-0.0290248
64	6	0.000777239
65	6	0.244963
66	6	-0.000104758
67	6	0.00308345
68	6	0.0147121
69	6	0.0273156
70	6	0.0299295
71	6	-0.00122825
72	6	-0.12493
73	6	-0.00239591
74	6	-0.00773164
75	6	-0.0121715
76	6	-0.0130207
77	6	-0.0108467
1	7	0.270094
2	7	0.26546
3	7	-0.00113662
4	7	-2.34503e-05
5	7	-0.0599435
6	7	0.000758622
7	7	0.24319
8	7	-0.174459
9	7	0.000869274
10	7	5.22611e-05
11	7	0.00014153
12	7	-0.00347174
13	7	0.0112151
14	7	-0.0206363
64	7	-0.00122843
65	7	-0.180583
66	7	5.28936e-05
67	7	3.46108e-05
68	7	-0.00331297
69	7	-0.0118604
70	7	-0.0219041
71	7	0.00126952
72	7	-0.0914638
73	7	-0.000656355
74	7	-0.0038469
75	7	-0.00801097
76	7	-0.0106059
77	7	-0.00961738
1	8	-0.687742
2	8	-4.31593
3	8	-0.444086
4	8	-0.420912
5	8	-0.308724
6	8	-0.242724
7	8	-0.174459
8	8	10.0359
9	8	1.95411
10	8	1.03829
11	8	-0.808052
12	8	0.644992
13	8	-0.505786
14	8	0.420662
15	8	-4.63238
16	8	-0.768208
17	8	-0.484717
18	8	0.443766
19	8	-0.322953
20	8	0.257346
21	8	-0.190039
1	9	-0.244793
2	9	-0.397259
3	9	-0.113992
4	9	-0.0323274
5	9	0.00799114
6	9	0.00097634
7	9	0.000869274
8	9	1.95411
9	9	10.2787
10	9	1.04834
11	9	0.830017
12	9	0.670539
13	9	0.536196
14	9	0.447232
15	9	-0.485157
16	9	-0.354898
17	9	-0.152094
18	9	0.0255202
19	9	0.0137403
20	9	0.00232015
21	9	0.00149636
1	10	-0.151323
2	10	-0.312373
3	10	-0.0765646
4	10	-0.0322031
5	10	-0.000975442
6	10	-1.95516e-05
7	10	5.22611e-05
8	10	1.03829
9	10	1.04834
10	10	0.349692
11	10	0.00112071
12	10	-0.00318666
13	10	0.00100637
14	10	0.000717414
15	10	-0.361511
16	10	-0.194405
17	10	-0.0936682
18	10	0.0330966
19	10	0.00129562
20	10	0.000403658
21	10	-7.36332e-05
1	11	0.101348
2	11	0.386599
3	11	0.0655627
4	11	0.0538803
5	11	0.0201378
6	11	0.00354098
7	11	0.00014153
8	11	-0.808052
9	11	0.830017
10	11	0.00112071
11	11	0.350817
12	11	0.00269217
13	11	-0.0262184
14	11	0.000546727
15	11	0.413859
16	11	0.0910117
17	11	0.0664064
18	11	-0.0627152
19	11	0.0228012
20	11	-0.00204101
21	11	0.000150749
1	12	-0.00697871
2	12	-0.32125
3	12	-0.0224276
4	12	-0.049363
5	12	-0.0380959
6	12	-0.0144325
7	12	-0.00347174
8	12	0.644992
9	12	0.670539
10	12	-0.00318666
11	12	0.00269217
12	12	0.32736
13	12	0.00219041
14	12	-0.0426048
15	12	-0.329409
16	12	0.0112497
17	12	-0.0162266
18	12	0.0536625
19	12	-0.0443669
20	12	0.0158474
21	12	-0.00304598
1	13	-0.0159968
2	13	0.250025
3	13	0.000607243
4	13	0.0264437
5	13	0.0379129
6	13	0.026197
7	13	0.0112151
8	13	-0.505786
9	13	0.536196
10	13	0.00100637
11	13	-0.0262184
12	13	0.00219041
13	13	0.315549
14	13	0.00196746
15	13	0.260847
16	13	-0.00921077
17	13	0.000155531
18	13	-0.0230139
19	13	0.0412735
20	13	-0.0315655
21	13	0.0126713
1	14	0.00214771
2	14	-0.208799
3	14	0.00140873
4	14	-0.00717283
5	14	-0.0240123
6	14	-0.0290248
7	14	-0.0206363
8	14	0.420662
9	14	0.447232
10	14	0.000717414
11	14	0.000546727
12	14	-0.0426048
13	14	0.00196746
14	14	0.30102
15	14	-0.212205
16	14	-0.00311387
17	14	0.000189172
18	14	0.00459028
19	14	-0.0232886
20	14	0.0325815
21	14	-0.022369
8	15	-4.63238
9	15	-0.485157
10	15	-0.361511
11	15	0.413859
12	15	-0.329409
13	15	0.260847
14	15	-0.212205
15	15	7.25327
16	15	1.61278
17	15	0.855527
18	15	-0.640333
19	15	0.486006
20	15	-0.379291
21	15	0.281882
22	15	-2.00641
23	15	-0.223164
24	15	-0.168501
25	15	0.200397
26	15	-0.162257
27	15	0.123845
28	15	-0.0899278
29	15	-0.318729
30	15	-0.784151
31	15	-0.186487
32	15	-0.106204
33	15	0.0046873
34	15	0.0164999
35	15	-0.00160723
8	16	-0.768208
9	16	-0.354898
10	16	-0.194405
11	16	0.0910117
12	16	0.0112497
13	16	-0.00921077
14	16	-0.00311387
15	16	1.61278
16	16	8.24175
17	16	0.899722
18	16	0.725799
19	16	0.557434
20	16	0.452537
21	16	0.354724
22	16	-0.210113
23	16	-0.0654781
24	16	-0.037447
25	16	0.0301472
26	16	-0.00989805
27	16	-0.00032489
28	16	-0.000891913
29	16	-0.543125
30	16	-5.59761
31	16	-0.417797
32	16	-0.505144
33	16	-0.414853
34	16	-0.326562
35	16	-0.27437
8	17	-0.484717
9	17	-0.152094
10	17	-0.0936682
11	17	0.0664064
12	17	-0.0162266
13	17	0.000155531
14	17	0.000189172
15	17	0.855527
16	17	0.899722
17	17	0.30744
18	17	0.00738016
19	17	-0.0181841
20	17	0.00156882
21	17	-0.000905097
22	17	-0.161852
23	17	-0.0384555
24	17	-0.0257222
25	17	0.0224011
26	17	-0.00915424
27	17	0.00224754
28	17	-0.000670749
29	17	-0.150844
30	17	-0.521843
31	17	-0.0972706
32	17	-0.0757349
33	17	-0.0205584
34	17	0.00170489
35	17	0.00166601
8	18	0.443766
9	18	0.0255202
10	18	0.0330966
11	18	-0.0627152
12	18	0.0536625
13	18	-0.0230139
14	18	0.00459028
15	18	-0.640333
16	18	0.725799
17	18	0.00738016
18	18	0.310029
19	18	0.00696649
20	18	-0.0382616
21	18	0.00186487
22	18	0.198209
23	18	0.0327765
24	18	0.0236515
25	18	-0.0249175
26	18	0.0153127
27	18	-0.00758806
28	18	0.00360746
29	18	-0.0464367
30	18	-0.524145
31	18	-0.045885
32	18	-0.073462
33	18	-0.06066
34	18	-0.0261908
35	18	-0.00345087
8	19	-0.322953
9	19	0.0137403
10	19	0.00129562
11	19	0.0228012
12	19	-0.0443669
13	19	0.0412735
14	19	-0.0232886
15	19	0.486006
16	19	0.557434
17	19	-0.0181841
18	19	0.00696649
19	19	0.301033
20	19	0.00613687
21	19	-0.0546981
22	19	-0.163231
23	19	-0.0109387
24	19	-0.0103531
25	19	0.0163114
26	19	-0.0161234
27	19	0.0121363
28	19	-0.00735136
29	19	0.00781205
30	19	-0.402213
31	19	-0.00444175
32	19	-0.0331256
33	19	-0.0549656
34	19	-0.0482686
35	19	-0.0253103
8	20	0.257346
9	20	0.00232015
10	20	0.000403658
11	20	-0.00204101
12	20	0.0158474
13	20	-0.0315655
14	20	0.0325815
15	20	-0.379291
16	20	0.452537
17	20	0.00156882
18	20	-0.0382616
19	20	0.00613687
20	20	0.291512
21	20	0.00758818
22	20	0.124859
23	20	0.00091375
24	20	0.00253879
25	20	-0.0083647
26	20	0.012853
27	20	-0.0128259
28	20	0.00984805
29	20	-0.000545493
30	20	-0.323853
31	20	-0.000421782
32	20	-0.00706501
33	20	-0.0248345
34	20	-0.0404135
35	20	-0.0385888
8	21	-0.190039
9	21	0.00149636
10	21	-7.36332e-05
11	21	0.000150749
12	21	-0.00304598
13	21	0.0126713
14	21	-0.022369
15	21	0.281882
16	21	0.354724
17	21	-0.000905097
18	21	0.00186487
19	21	-0.0546981
20	21	0.00758818
21	21	0.261474
22	21	-0.0929797
23	21	-0.000647436
24	21	-0.000674277
25	21	0.00414554
26	21	-0.0083247
27	21	0.0103124
28	21	-0.00972041
29	21	0.000624995
30	21	-0.260937
31	21	1.3294e-05
32	21	-0.000555127
33	21	-0.00681642
34	21	-0.0202042
35	21	-0.0329374
15	22	-2.00641
16	22	-0.210113
17	22	-0.161852
18	22	0.198209
19	22	-0.163231
20	22	0.124859
21	22	-0.0929797
22	22	6.92123
23	22	1.45801
24	22	0.804299
25	22	-0.631146
26	22	0.468076
27	22	-0.367079
28	22	0.270094
29	22	-0.687742
30	22	-0.244793
31	22	-0.151323
32	22	0.101348
33	22	-0.00697871
34	22	-0.0159968
35	22	0.00214771
85	22	-0.427848
86	22	-4.35008
87	22	-0.3207
88	22	-0.387983
89	22	-0.318559
90	22	-0.250695
91	22	-0.213005
92	22	-0.0505345
93	22	-0.216831
94	22	-0.0369472
95	22	-0.0311994
96	22	-0.0110245
97	22	-0.00160444
98	22	0.00104363
15	23	-0.223164
16	23	-0.0654781
17	23	-0.0384555
18	23	0.0327765
19	23	-0.0109387
20	23	0.00091375
21	23	-0.000647436
22	23	1.45801
23	23	6.88012
24	23	0.802467
25	23	0.627358
26	23	0.465908
27	23	0.365603
28	23	0.26546
29	23	-4.31593
30	23	-0.397259
31	23	-0.312373
32	23	0.386599
33	23	-0.32125
34	23	0.250025
35	23	-0.208799
85	23	-0.264445
86	23	-0.697104
87	23	-0.158345
88	23	-0.0974585
89	23	-0.00255985
90	23	0.0138015
91	23	0.000269097
92	23	-0.210145
93	23	-1.97986
94	23	-0.160549
95	23	-0.195462
96	23	-0.162276
97	23	-0.126086
98	23	-0.0932838
15	24	-0.168501
16	24	-0.037447
17	24	-0.0257222
18	24	0.0236515
19	24	-0.0103531
20	24	0.00253879
21	24	-0.000674277
22	24	0.804299
23	24	0.802467
24	24	0.286007
25	24	-0.000509149
26	24	-0.0222306
27	24	0.000166664
28	24	-0.00113662
29	24	-0.444086
30	24	-0.113992
31	24	-0.0765646
32	24	0.0655627
33	24	-0.0224276
34	24	0.000607242
35	24	0.00140873
85	24	-0.121575
86	24	-0.448583
87	24	-0.0796231
88	24	-0.0647924
89	24	-0.0205757
90	24	-0.000707429
91	24	0.000850336
92	24	-0.0367088
93	24	-0.164218
94	24	-0.024979
95	24	-0.0226883
96	24	-0.0100692
97	24	-0.00278947
98	24	-0.000840339
15	25	0.200397
16	25	0.0301472
17	25	0.0224011
18	25	-0.0249175
19	25	0.0163114
20	25	-0.0083647
21	25	0.00414554
22	25	-0.631146
23	25	0.627358
24	25	-0.000509149
25	25	0.293487
26	25	-0.000179057
27	25	-0.0432585
28	25	-2.34511e-05
29	25	-0.420912
30	25	-0.0323274
31	25	-0.0322031
32	25	0.0538803
33	25	-0.049363
34	25	0.0264437
35	25	-0.00717283
85	25	0.0315486
86	25	0.423618
87	25	0.0325682
88	25	0.0553514
89	25	0.0496079
90	25	0.0252662
91	25	0.00659597
92	25	-0.0304022
93	25	-0.198279
94	25	-0.0223284
95	25	-0.024446
96	25	-0.0158877
97	25	-0.00827411
98	25	-0.00419336
15	26	-0.162257
16	26	-0.00989805
17	26	-0.00915424
18	26	0.0153127
19	26	-0.0161234
20	26	0.012853
21	26	-0.0083247
22	26	0.468076
23	26	0.465908
24	26	-0.0222306
25	26	-0.000179057
26	26	0.288603
27	26	0.000216944
28	26	-0.0599435
29	26	-0.308724
30	26	0.00799114
31	26	-0.000975442
32	26	0.0201378
33	26	-0.0380959
34	26	0.0379129
35	26	-0.0240123
85	26	0.00934016
86	26	-0.309838
87	26	-0.000328549
88	26	-0.0207557
89	26	-0.0392058
90	26	-0.0380858
91	26	-0.0236687
92	26	-0.0100847
93	26	-0.162558
94	26	-0.00953476
95	26	-0.0154429
96	26	-0.0157776
97	26	-0.0124678
98	26	-0.00836939
15	27	0.123845
16	27	-0.00032489
17	27	0.00224754
18	27	-0.00758806
19	27	0.0121363
20	27	-0.0128259
21	27	0.0103124
22	27	-0.367079
23	27	0.365603
24	27	0.000166664
25	27	-0.0432585
26	27	0.000216944
27	27	0.280328
28	27	0.000758622
29	27	-0.242724
30	27	0.00097634
31	27	-1.95516e-05
32	27	0.00354098
33	27	-0.0144325
34	27	0.026197
35	27	-0.0290248
85	27	0.000777239
86	27	0.244963
87	27	-0.000104758
88	27	0.00308345
89	27	0.0147121
90	27	0.0273156
91	27	0.0299295
92	27	-0.00122825
93	27	-0.12493
94	27	-0.00239591
95	27	-0.00773164
96	27	-0.0121715
97	27	-0.0130207
98	27	-0.0108467
15	28	-0.0899278
16	28	-0.000891913
17	28	-0.000670749
18	28	0.00360746
19	28	-0.00735136
20	28	0.00984805
21	28	-0.00972041
22	28	0.270094
23	28	0.26546
24	28	-0.00113662
25	28	-2.34511e-05
26	28	-0.0599435
27	28	0.000758622
28	28	0.24319
29	28	-0.174459
30	28	0.000869273
31	28	5.2261e-05
32	28	0.00014153
33	28	-0.00347174
34	28	0.0112151
35	28	-0.0206363
85	28	-0.00122843
86	28	-0.180583
87	28	5.28934e-05
88	28	3.46107e-05
89	28	-0.00331297
90	28	-0.0118604
91	28	-0.0219041
92	28	0.00126952
93	28	-0.0914638
94	28	-0.000656355
95	28	-0.0038469
96	28	-0.00801097
97	28	-0.0106059
98	28	-0.00961738
15	29	-0.318729
16	29	-0.543125
17	29	-0.150844
18	29	-0.0464367
19	29	0.00781205
20	29	-0.000545493
21	29	0.000624995
22	29	-0.687742
23	29	-4.31593
24	29	-0.444086
25	29	-0.420912
26	29	-0.308724
27	29	-0.242724
28	29	-0.174459
29	29	10.0359
30	29	1.95411
31	29	1.03829
32	29	-0.808052
33	29	0.644992
34	29	-0.505786
35	29	0.420662
36	29	-4.63238
37	29	-0.768208
38	29	-0.484717
39	29	0.443766
40	29	-0.322953
41	29	0.257346
42	29	-0.190039
15	30	-0.784151
16	30	-5.59761
17	30	-0.521843
18	30	-0.524145
19	30	-0.402213
20	30	-0.323853
21	30	-0.260937
22	30	-0.244793
23	30	-0.397259
24	30	-0.113992
25	30	-0.0323274
26	30	0.00799114
27	30	0.00097634
28	30	0.000869273
29	30	1.95411
30	30	10.2787
31	30	1.04834
32	30	0.830017
33	30	0.670539
34	30	0.536196
35	30	0.447232
36	30	-0.485157
37	30	-0.354898
38	30	-0.152094
39	30	0.0255202
40	30	0.0137403
41	30	0.00232015
42	30	0.00149636
15	31	-0.186487
16	31	-0.417797
17	31	-0.0972706
18	31	-0.045885
19	31	-0.00444175
20	31	-0.000421782
21	31	1.3294e-05
22	31	-0.151323
23	31	-0.312373
24	31	-0.0765646
25	31	-0.0322031
26	31	-0.000975442
27	31	-1.95516e-05
28	31	5.2261e-05
29	31	1.03829
30	31	1.04834
31	31	0.349692
32	31	0.00112071
33	31	-0.00318666
34	31	0.00100637
35	31	0.000717414
36	31	-0.361511
37	31	-0.194405
38	31	-0.0936682
39	31	0.0330966
40	31	0.00129562
41	31	0.000403659
42	31	-7.36331e-05
15	32	-0.106204
16	32	-0.505144
17	32	-0.0757349
18	32	-0.073462
19	32	-0.0331256
20	32	-0.00706501
21	32	-0.000555127
22	32	0.101348
23	32	0.386599
24	32	0.0655627
25	32	0.0538803
26	32	0.0201378
27	32	0.00354098
28	32	0.00014153
29	32	-0.808052
30	32	0.830017
31	32	0.00112071
32	32	0.350817
33	32	0.00269217
34	32	-0.0262184
35	32	0.000546727
36	32	0.413859
37	32	0.0910117
38	32	0.0664064
39	32	-0.0627152
40	32	0.0228012
41	32	-0.00204101
42	32	0.00015075
15	33	0.0046873
16	33	-0.414853
17	33	-0.0205584
18	33	-0.06066
19	33	-0.0549656
20	33	-0.0248345
21	33	-0.00681642
22	33	-0.00697871
23	33	-0.32125
24	33	-0.0224276
25	33	-0.049363
26	33	-0.0380959
27	33	-0.0144325
28	33	-0.00347174
29	33	0.644992
30	33	0.670539
31	33	-0.00318666
32	33	0.00269217
33	33	0.32736
34	33	0.00219041
35	33	-0.0426048
36	33	-0.329409
37	33	0.0112497
38	33	-0.0162266
39	33	0.0536625
40	33	-0.0443669
41	33	0.0158474
42	33	-0.00304598
15	34	0.0164999
16	34	-0.326562
17	34	0.00170489
18	34	-0.0261908
19	34	-0.0482686
20	34	-0.0404135
21	34	-0.0202042
22	34	-0.0159968
23	34	0.250025
24	34	0.000607242
25	34	0.0264437
26	34	0.0379129
27	34	0.026197
28	34	0.0112151
29	34	-0.505786
30	34	0.536196
31	34	0.00100637
32	34	-0.0262184
33	34	0.00219041
34	34	0.315549
35	34	0.00196746
36	34	0.260847
37	34	-0.00921077
38	34	0.000155531
39	34	-0.0230139
40	34	0.0412735
41	34	-0.0315655
42	34	0.0126713
15	35	-0.00160723
16	35	-0.27437
17	35	0.00166601
18	35	-0.00345087
19	35	-0.0253103
20	35	-0.0385888
21	35	-0.0329374
22	35	0.00214771
23	35	-0.208799
24	35	0.00140873
25	35	-0.00717283
26	35	-0.0240123
27	35	-0.0290248
28	35	-0.0206363
29	35	0.420662
30	35	0.447232
31	35	0.000717414
32	35	0.000546727
33	35	-0.0426048
34	35	0.00196746
35	35	0.30102
36	35	-0.212205
37	35	-0.00311387
38	35	0.000189171
39	35	0.00459028
40	35	-0.0232886
41	35	0.0325815
42	35	-0.022369
29	36	-4.63238
30	36	-0.485157
31	36	-0.361511
32	36	0.413859
33	36	-0.329409
34	36	0.260847
35	36	-0.212205
36	36	7.25327
37	36	1.61278
38	36	0.855527
39	36	-0.640333
40	36	0.486006
41	36	-0.379291
42	36	0.281882
43	36	-2.00641
44	36	-0.223164
45	36	-0.168501
46	36	0.200397
47	36	-0.162257
48	36	0.123845
49	36	-0.0899278
50	36	-0.318729
51	36	-0.784151
52	36	-0.186487
53	36	-0.106204
54	36	0.0046873
55	36	0.0164999
56	36	-0.00160723
29	37	-0.768208
30	37	-0.354898
31	37	-0.194405
32	37	0.0910117
33	37	0.0112497
34	37	-0.00921077
35	37	-0.00311387
36	37	1.61278
37	37	8.24175
38	37	0.899722
39	37	0.725799
40	37	0.557434
41	37	0.452537
42	37	0.354724
43	37	-0.210113
44	37	-0.0654781
45	37	-0.037447
46	37	0.0301472
47	37	-0.00989805
48	37	-0.00032489
49	37	-0.000891914
50	37	-0.543125
51	37	-5.59761
52	37	-0.417797
53	37	-0.505144
54	37	-0.414853
55	37	-0.326562
56	37	-0.27437
29	38	-0.484717
30	38	-0.152094
31	38	-0.0936682
32	38	0.0664064
33	38	-0.0162266
34	38	0.000155531
35	38	0.000189171
36	38	0.855527
37	38	0.899722
38	38	0.30744
39	38	0.00738016
40	38	-0.0181841
41	38	0.00156882
42	38	-0.000905097
43	38	-0.161852
44	38	-0.0384555
45	38	-0.0257222
46	38	0.0224011
47	38	-0.00915424
48	38	0.00224754
49	38	-0.000670749
50	38	-0.150844
51	38	-0.521843
52	38	-0.0972706
53	38	-0.0757349
54	38	-0.0205584
55	38	0.00170489
56	38	0.00166601
29	39	0.443766
30	39	0.0255202
31	39	0.0330966
32	39	-0.0627152
33	39	0.0536625
34	39	-0.0230139
35	39	0.00459028
36	39	-0.640333
37	39	0.725799
38	39	0.00738016
39	39	0.310029
40	39	0.00696649
41	39	-0.0382616
42	39	0.00186487
43	39	0.198209
44	39	0.0327765
45	39	0.0236515
46	39	-0.0249175
47	39	0.0153127
48	39	-0.00758806
49	39	0.00360746
50	39	-0.0464367
51	39	-0.524145
52	39	-0.045885
53	39	-0.073462
54	39	-0.06066
55	39	-0.0261908
56	39	-0.00345087
29	40	-0.322953
30	40	0.0137403
31	40	0.00129562
32	40	0.0228012
33	40	-0.0443669
34	40	0.0412735
35	40	-0.0232886
36	40	0.486006
37	40	0.557434
38	40	-0.0181841
39	40	0.00696649
40	40	0.301033
41	40	0.00613686
42	40	-0.0546981
43	40	-0.163231
44	40	-0.0109387
45	40	-0.0103531
46	40	0.0163114
47	40	-0.0161234
48	40	0.0121363
49	40	-0.00735136
50	40	0.00781205
51	40	-0.402213
52	40	-0.00444175
53	40	-0.0331256
54	40	-0.0549656
55	40	-0.0482686
56	40	-0.0253103
29	41	0.257346
30	41	0.00232015
31	41	0.000403659
32	41	-0.00204101
33	41	0.0158474
34	41	-0.0315655
35	41	0.0325815
36	41	-0.379291
37	41	0.452537
38	41	0.00156882
39	41	-0.0382616
40	41	0.00613686
41	41	0.291512
42	41	0.00758818
43	41	0.124859
44	41	0.00091375
45	41	0.00253879
46	41	-0.0083647
47	41	0.012853
48	41	-0.0128259
49	41	0.00984805
50	41	-0.000545493
51	41	-0.323853
52	41	-0.000421781
53	41	-0.00706501
54	41	-0.0248345
55	41	-0.0404135
56	41	-0.0385888
29	42	-0.190039
30	42	0.00149636
31	42	-7.36331e-05
32	42	0.00015075
33	42	-0.00304598
34	42	0.0126713
35	42	-0.022369
36	42	0.281882
37	42	0.354724
38	42	-0.000905097
39	42	0.00186487
40	42	-0.0546981
41	42	0.00758818
42	42	0.261474
43	42	-0.0929797
44	42	-0.000647436
45	42	-0.000674277
46	42	0.00414554
47	42	-0.0083247
48	42	0.0103124
49	42	-0.00972041
50	42	0.000624994
51	42	-0.260937
52	42	1.32937e-05
53	42	-0.000555127
54	42	-0.00681642
55	42	-0.0202042
56	42	-0.0329374
36	43	-2.00641
37	43	-0.210113
38	43	-0.161852
39	43	0.198209
40	43	-0.163231
41	43	0.124859
42	43	-0.0929797
43	43	6.92123
44	43	1.45801
45	43	0.804299
46	43	-0.631146
47	43	0.468076
48	43	-0.367079
49	43	0.270094
50	43	-0.687742
51	43	-0.244793
52	43	-0.151323
53	43	0.101348
54	43	-0.00697871
55	43	-0.0159968
56	43	0.00214771
106	43	-0.427848
107	43	-4.35008
108	43	-0.3207
109	43	-0.387983
110	43	-0.318559
111	43	-0.250695
112	43	-0.213005
36	44	-0.223164
37	44	-0.0654781
38	44	-0.0384555
39	44	0.0327765
40	44	-0.0109387
41	44	0.00091375
42	44	-0.000647436
43	44	1.45801
44	44	6.88012
45	44	0.802467
46	44	0.627358
47	44	0.465908
48	44	0.365603
49	44	0.26546
50	44	-4.31593
51	44	-0.397259
52	44	-0.312373
53	44	0.386599
54	44	-0.32125
55	44	0.250025
56	44	-0.208799
106	44	-0.264445
107	44	-0.697104
108	44	-0.158345
109	44	-0.0974585
110	44	-0.00255985
111	44	0.0138015
112	44	0.000269097
36	45	-0.168501
37	45	-0.037447
38	45	-0.0257222
39	45	0.0236515
40	45	-0.0103531
41	45	0.00253879
42	45	-0.000674277
43	45	0.804299
44	45	0.802467
45	45	0.286007
46	45	-0.000509149
47	45	-0.0222306
48	45	0.000166664
49	45	-0.00113662
50	45	-0.444086
51	45	-0.113992
52	45	-0.0765646
53	45	0.0655627
54	45	-0.0224276
55	45	0.000607242
56	45	0.00140873
106	45	-0.121575
107	45	-0.448583
108	45	-0.0796231
109	45	-0.0647924
110	45	-0.0205757
111	45	-0.000707429
112	45	0.000850336
36	46	0.200397
37	46	0.0301472
38	46	0.0224011
39	46	-0.0249175
40	46	0.0163114
41	46	-0.0083647
42	46	0.00414554
43	46	-0.631146
44	46	0.627358
45	46	-0.000509149
46	46	0.293487
47	46	-0.000179057
48	46	-0.0432585
49	46	-2.3451e-05
50	46	-0.420912
51	46	-0.0323274
52	46	-0.0322031
53	46	0.0538803
54	46	-0.049363
55	46	0.0264437
56	46	-0.00717283
106	46	0.0315486
107	46	0.423618
108	46	0.0325682
109	46	0.0553514
110	46	0.0496079
111	46	0.0252662
112	46	0.00659597
36	47	-0.162257
37	47	-0.00989805
38	47	-0.00915424
39	47	0.0153127
40	47	-0.0161234
41	47	0.012853
42	47	-0.0083247
43	47	0.468076
44	47	0.465908
45	47	-0.0222306
46	47	-0.000179057
47	47	0.288603
48	47	0.000216944
49	47	-0.0599435
50	47	-0.308724
51	47	0.00799114
52	47	-0.000975442
53	47	0.0201378
54	47	-0.0380959
55	47	0.0379129
56	47	-0.0240123
106	47	0.00934016
107	47	-0.309838
108	47	-0.000328549
109	47	-0.0207557
110	47	-0.0392058
111	47	-0.0380858
112	47	-0.0236687
36	48	0.123845
37	48	-0.00032489
38	48	0.00224754
39	48	-0.00758806
40	48	0.0121363
41	48	-0.0128259
42	48	0.0103124
43	48	-0.367079
44	48	0.365603
45	48	0.000166664
46	48	-0.0432585
47	48	0.000216944
48	48	0.280328
49	48	0.000758623
50	48	-0.242724
51	48	0.00097634
52	48	-1.95518e-05
53	48	0.00354098
54	48	-0.0144325
55	48	0.026197
56	48	-0.0290248
106	48	0.000777239
107	48	0.244963
108	48	-0.000104758
109	48	0.00308345
110	48	0.0147121
111	48	0.0273156
112	48	0.0299295
36	49	-0.0899278
37	49	-0.000891914
38	49	-0.000670749
39	49	0.00360746
40	49	-0.00735136
41	49	0.00984805
42	49	-0.00972041
43	49	0.270094
44	49	0.26546
45	49	-0.00113662
46	49	-2.3451e-05
47	49	-0.0599435
48	49	0.000758623
49	49	0.24319
50	49	-0.174459
51	49	0.000869274
52	49	5.22614e-05
53	49	0.00014153
54	49	-0.00347174
55	49	0.0112151
56	49	-0.0206363
106	49	-0.00122843
107	49	-0.180583
108	49	5.2894e-05
109	49	3.46112e-05
110	49	-0.00331297
111	49	-0.0118604
112	49	-0.0219041
36	50	-0.318729
37	50	-0.543125
38	50	-0.150844
39	50	-0.0464367
40	50	0.00781205
41	50	-0.000545493
42	50	0.000624994
43	50	-0.687742
44	50	-4.31593
45	50	-0.444086
46	50	-0.420912
47	50	-0.308724
48	50	-0.242724
49	50	-0.174459
50	50	10.0359
51	50	1.95411
52	50	1.03829
53	50	-0.808052
54	50	0.644992
55	50	-0.505786
56	50	0.420662
36	51	-0.784151
37	51	-5.59761
38	51	-0.521843
39	51	-0.524145
40	51	-0.402213
41	51	-0.323853
42	51	-0.260937
43	51	-0.244793
44	51	-0.397259
45	51	-0.113992
46	51	-0.0323274
47	51	0.00799114
48	51	0.00097634
49	51	0.000869274
50	51	1.95411
51	51	10.2787
52	51	1.04834
53	51	0.830017
54	51	0.670539
55	51	0.536196
56	51	0.447232
36	52	-0.186487
37	52	-0.417797
38	52	-0.0972706
39	52	-0.045885
40	52	-0.00444175
41	52	-0.000421781
42	52	1.32937e-05
43	52	-0.151323
44	52	-0.312373
45	52	-0.0765646
46	52	-0.0322031
47	52	-0.000975442
48	52	-1.95518e-05
49	52	5.22614e-05
50	52	1.03829
51	52	1.04834
52	52	0.349692
53	52	0.00112071
54	52	-0.00318666
55	52	0.00100637
56	52	0.000717413
36	53	-0.106204
37	53	-0.505144
38	53	-0.0757349
39	53	-0.073462
40	53	-0.0331256
41	53	-0.00706501
42	53	-0.000555127
43	53	0.101348
44	53	0.386599
45	53	0.0655627
46	53	0.0538803
47	53	0.0201378
48	53	0.00354098
49	53	0.00014153
50	53	-0.808052
51	53	0.830017
52	53	0.00112071
53	53	0.350817
54	53	0.00269217
55	53	-0.0262184
56	53	0.000546727
36	54	0.0046873
37	54	-0.414853
38	54	-0.0205584
39	54	-0.06066
40	54	-0.0549656
41	54	-0.0248345
42	54	-0.00681642
43	54	-0.00697871
44	54	-0.32125
45	54	-0.0224276
46	54	-0.049363
47	54	-0.0380959
48	54	-0.0144325
49	54	-0.00347174
50	54	0.644992
51	54	0.670539
52	54	-0.00318666
53	54	0.00269217
54	54	0.32736
55	54	0.00219041
56	54	-0.0426048
36	55	0.0164999
37	55	-0.326562
38	55	0.00170489
39	55	-0.0261908
40	55	-0.0482686
41	55	-0.0404135
42	55	-0.0202042
43	55	-0.0159968
44	55	0.250025
45	55	0.000607242
46	55	0.0264437
47	55	0.0379129
48	55	0.026197
49	55	0.0112151
50	55	-0.505786
51	55	0.536196
52	55	0.00100637
53	55	-0.0262184
54	55	0.00219041
55	55	0.315549
56	55	0.00196746
36	56	-0.00160723
37	56	-0.27437
38	56	0.00166601
39	56	-0.00345087
40	56	-0.0253103
41	56	-0.0385888
42	56	-0.0329374
43	56	0.00214771
44	56	-0.208799
45	56	0.00140873
46	56	-0.00717283
47	56	-0.0240123
48	56	-0.0290248
49	56	-0.0206363
50	56	0.420662
51	56	0.447232
52	56	0.000717413
53	56	0.000546727
54	56	-0.0426048
55	56	0.00196746
56	56	0.30102
57	57	6.93481
58	57	1.45824
59	57	0.802904
60	57	-0.628142
61	57	0.466776
62	57	-0.367472
63	57	0.277188
64	57	-0.69651
65	57	-0.263583
66	57	-0.158399
67	57	0.0975038
68	57	-0.00257021
69	57	-0.0138244
70	57	0.000481693
113	57	-0.396041
114	57	-4.35055
115	57	-0.312221
116	57	-0.38646
117	57	-0.321321
118	57	-0.25263
119	57	-0.215518
120	57	-0.0666687
121	57	-0.223861
122	57	-0.0385348
123	57	-0.0327563
124	57	-0.0112762
125	57	-8.0761e-05
126	57	-0.000970742
57	58	1.45824
58	58	6.90566
59	58	0.804253
60	58	0.630538
61	58	0.467332
62	58	0.365815
63	58	0.270234
64	58	-4.32784
65	58	-0.42876
66	58	-0.320791
67	58	0.388093
68	58	-0.318582
69	58	0.249632
70	58	-0.212411
113	58	-0.237404
114	58	-0.686207
115	58	-0.150788
116	58	-0.101261
117	58	-0.00657422
118	58	0.0156945
119	58	0.0025445
120	58	-0.215616
121	58	-2.01493
122	58	-0.161901
123	58	-0.198373
124	58	-0.163728
125	58	-0.125614
126	58	-0.091478
57	59	0.802904
58	59	0.804253
59	59	0.286103
60	59	0.000381204
61	59	-0.0222674
62	59	-0.000106978
63	59	-0.00113276
64	59	-0.448777
65	59	-0.121617
66	59	-0.0796566
67	59	0.0648262
68	59	-0.0205955
69	59	0.000712648
70	59	0.000853183
113	59	-0.113967
114	59	-0.443886
115	59	-0.0765295
116	59	-0.0655292
117	59	-0.0224094
118	59	-0.000606191
119	59	0.00140673
120	59	-0.0374145
121	59	-0.168436
122	59	-0.0257198
123	59	-0.023648
124	59	-0.0103496
125	59	-0.00253776
126	59	-0.000648866
57	60	-0.628142
58	60	0.630538
59	60	0.000381204
60	60	0.293519
61	60	0.000154798
62	60	-0.0431969
63	60	-0.000114423
64	60	-0.423785
65	60	-0.0317308
66	60	-0.0325901
67	60	0.0553827
68	60	-0.0496326
69	60	0.0252695
70	60	-0.00660111
113	60	0.0324064
114	60	0.420884
115	60	0.0321834
116	60	0.0538427
117	60	0.0493386
118	60	0.0264044
119	60	0.00720807
120	60	-0.0302223
121	60	-0.20017
122	60	-0.0223997
123	60	-0.0249106
124	60	-0.0163066
125	60	-0.00839056
126	60	-0.00399961
57	61	0.466776
58	61	0.467332
59	61	-0.0222674
60	61	0.000154798
61	61	0.28869
62	61	3.82079e-06
63	61	-0.0601752
64	61	-0.30993
65	61	0.00917092
66	61	-0.000331446
67	61	0.0207647
68	61	-0.0392131
69	61	0.0381074
70	61	-0.0235821
113	61	0.00769076
114	61	-0.309006
115	61	-0.000969959
116	61	-0.0201597
117	61	-0.0380772
118	61	-0.03793
119	61	-0.0242525
120	61	-0.00952322
121	61	-0.161705
122	61	-0.00915405
123	61	-0.0152944
124	61	-0.0160856
125	61	-0.0127647
126	61	-0.00801168
57	62	-0.367472
58	62	0.365815
59	62	-0.000106978
60	62	-0.0431969
61	62	3.82079e-06
62	62	0.281762
63	62	-0.000563437
64	62	-0.243774
65	62	-0.00100029
66	62	0.000111201
67	62	0.0030724
68	62	-0.0146848
69	62	0.0271622
70	62	-0.0296405
113	62	0.000593164
114	62	0.244407
115	62	6.35323e-05
116	62	0.00351198
117	62	0.0144249
118	62	0.0262421
119	62	0.0294736
120	62	-0.00104699
121	62	-0.1237
122	62	-0.00223903
123	62	-0.00754291
124	62	-0.0121015
125	62	-0.0128501
126	62	-0.0102382
57	63	0.277188
58	63	0.270234
59	63	-0.00113276
60	63	-0.000114423
61	63	-0.0601752
62	63	-0.000563437
63	63	0.247546
64	63	-0.177636
65	63	-0.00107951
66	63	6.49077e-05
67	63	-5.33557e-05
68	63	-0.00329421
69	63	0.0116351
70	63	-0.0218408
113	63	0.00247993
114	63	-0.184715
115	63	0.00015362
116	63	-0.000106477
117	63	-0.00350824
118	63	-0.0119194
119	63	-0.0218436
120	63	-0.00224881
121	63	-0.0929107
122	63	-0.000701557
123	63	-0.00369913
124	63	-0.00764327
125	63	-0.0100746
126	63	-0.00986251
1	64	-0.427848
2	64	-0.264445
3	64	-0.121575
4	64	0.0315486
5	64	0.00934016
6	64	0.000777239
7	64	-0.00122843
57	64	-0.69651
58	64	-4.32784
59	64	-0.448777
60	64	-0.423785
61	64	-0.30993
62	64	-0.243774
63	64	-0.177636
64	64	9.99211
65	64	1.95875
66	64	1.03141
67	64	-0.806188
68	64	0.642613
69	64	-0.508128
70	64	0.436007
71	64	-4.53065
72	64	-0.709845
73	64	-0.458272
74	64	0.436038
75	64	-0.323184
76	64	0.256867
77	64	-0.191036
1	65	-4.35008
2	65	-0.697104
3	65	-0.448583
4	65	0.423618
5	65	-0.309838
6	65	0.244963
7	65	-0.180583
57	65	-0.263583
58	65	-0.42876
59	65	-0.121617
60	65	-0.0317308
61	65	0.00917092
62	65	-0.00100029
63	65	-0.00107951
64	65	1.95875
65	65	10.025
66	65	1.0318
67	65	0.8069
68	65	0.642739
69	65	0.509783
70	65	0.434671
71	65	-0.444256
72	65	-0.272337
73	65	-0.125356
74	65	0.0327983
75	65	0.00886182
76	65	0.00108513
77	65	-0.0010536
1	66	-0.3207
2	66	-0.158345
3	66	-0.0796231
4	66	0.0325682
5	66	-0.000328548
6	66	-0.000104758
7	66	5.28936e-05
57	66	-0.158399
58	66	-0.320791
59	66	-0.0796566
60	66	-0.0325901
61	66	-0.000331446
62	66	0.000111201
63	66	6.49077e-05
64	66	1.03141
65	66	1.0318
66	66	0.347035
67	66	5.53802e-05
68	66	-0.00479807
69	66	4.16868e-05
70	66	0.000735057
71	66	-0.333319
72	66	-0.162844
73	66	-0.0819003
74	66	0.0339116
75	66	-0.00108288
76	66	0.000216809
77	66	6.30693e-05
1	67	-0.387983
2	67	-0.0974585
3	67	-0.0647924
4	67	0.0553514
5	67	-0.0207557
6	67	0.00308345
7	67	3.46108e-05
57	67	0.0975038
58	67	0.388093
59	67	0.0648262
60	67	0.0553827
61	67	0.0207647
62	67	0.0030724
63	67	-5.33557e-05
64	67	-0.806188
65	67	0.8069
66	67	5.53802e-05
67	67	0.347326
68	67	9.20785e-05
69	67	-0.0279321
70	67	-5.28126e-05
71	67	0.404161
72	67	0.0988293
73	67	0.0663017
74	67	-0.0576583
75	67	0.0223724
76	67	-0.00378925
77	67	0.000188035
1	68	-0.318559
2	68	-0.00255985
3	68	-0.0205757
4	68	0.0496079
5	68	-0.0392058
6	68	0.0147121
7	68	-0.00331297
57	68	-0.00257021
58	68	-0.318582
59	68	-0.0205955
60	68	-0.0496326
61	68	-0.0392131
62	68	-0.0146848
63	68	-0.00329421
64	68	0.642613
65	68	0.642739
66	68	-0.00479807
67	68	9.20785e-05
68	68	0.324266
69	68	-1.09954e-05
70	68	-0.0440135
71	68	-0.333465
72	68	-0.00163921
73	68	-0.0208042
74	68	0.051336
75	68	-0.041197
76	68	0.0160402
77	68	-0.00398496
1	69	-0.250695
2	69	0.0138015
3	69	-0.000707428
4	69	0.0252662
5	69	-0.0380858
6	69	0.0273156
7	69	-0.0118604
57	69	-0.0138244
58	69	0.249632
59	69	0.000712648
60	69	0.0252695
61	69	0.0381074
62	69	0.0271622
63	69	0.0116351
64	69	-0.508128
65	69	0.509783
66	69	4.16868e-05
67	69	-0.0279321
68	69	-1.09954e-05
69	69	0.313283
70	69	0.000103559
71	69	0.263472
72	69	-0.014221
73	69	0.000469238
74	69	-0.0256577
75	69	0.0396165
76	69	-0.0290495
77	69	0.0130358
1	70	-0.213005
2	70	0.000269097
3	70	0.000850337
4	70	0.00659597
5	70	-0.0236687
6	70	0.0299295
7	70	-0.0219041
57	70	0.000481693
58	70	-0.212411
59	70	0.000853183
60	70	-0.00660111
61	70	-0.0235821
62	70	-0.0296405
63	70	-0.0218408
64	70	0.436007
65	70	0.434671
66	70	0.000735057
67	70	-5.28126e-05
68	70	-0.0440135
69	70	0.000103559
70	70	0.302656
71	70	-0.22379
72	70	0.000441084
73	70	0.00110615
74	70	0.00626694
75	70	-0.0242527
76	70	0.0312854
77	70	-0.0233204
1	71	-0.0505345
2	71	-0.210145
3	71	-0.0367088
4	71	-0.0304022
5	71	-0.0100847
6	71	-0.00122825
7	71	0.00126952
64	71	-4.53065
65	71	-0.444256
66	71	-0.333319
67	71	0.404161
68	71	-0.333465
69	71	0.263472
70	71	-0.22379
71	71	7.13593
72	71	1.49133
73	71	0.818948
74	71	-0.641469
75	71	0.480678
76	71	-0.380534
77	71	0.28724
78	71	-1.99684
79	71	-0.215962
80	71	-0.16425
81	71	0.198457
82	71	-0.163108
83	71	0.125099
84	71	-0.0926466
85	71	-0.273125
86	71	-0.710512
87	71	-0.162789
88	71	-0.0987814
89	71	-0.00162853
90	71	0.0142583
91	71	0.000226059
1	72	-0.216831
2	72	-1.97986
3	72	-0.164218
4	72	-0.198279
5	72	-0.162558
6	72	-0.12493
7	72	-0.0914638
64	72	-0.709845
65	72	-0.272337
66	72	-0.162844
67	72	0.0988293
68	72	-0.00163921
69	72	-0.014221
70	72	0.000441084
71	72	1.49133
72	72	7.12645
73	72	0.81916
74	72	0.641963
75	72	0.480744
76	72	0.380288
77	72	0.287118
78	72	-0.211078
79	72	-0.0497985
80	72	-0.0367135
81	72	0.0305567
82	72	-0.00991295
83	72	0.00145619
84	72	0.00112599
85	72	-0.444814
86	72	-4.53576
87	72	-0.333226
88	72	-0.404067
89	72	-0.332928
90	72	-0.263596
91	72	-0.221877
1	73	-0.0369472
2	73	-0.160549
3	73	-0.024979
4	73	-0.0223284
5	73	-0.00953476
6	73	-0.00239591
7	73	-0.000656355
64	73	-0.458272
65	73	-0.125356
66	73	-0.0819003
67	73	0.0663017
68	73	-0.0208042
69	73	0.000469238
70	73	0.00110615
71	73	0.818948
72	73	0.81916
73	73	0.290331
74	73	5.41459e-05
75	73	-0.0212627
76	73	-2.02022e-05
77	73	-0.000938986
78	73	-0.160507
79	73	-0.03695
80	73	-0.0249785
81	73	0.0223268
82	73	-0.00953321
83	73	0.00239803
84	73	-0.000641721
85	73	-0.125306
86	73	-0.45808
87	73	-0.0818667
88	73	-0.0662675
89	73	-0.0207843
90	73	-0.000464982
91	73	0.00110013
1	74	-0.0311994
2	74	-0.195462
3	74	-0.0226883
4	74	-0.024446
5	74	-0.0154429
6	74	-0.00773164
7	74	-0.0038469
64	74	0.436038
65	74	0.0327983
66	74	0.0339116
67	74	-0.0576583
68	74	0.051336
69	74	-0.0256577
70	74	0.00626694
71	74	-0.641469
72	74	0.641963
73	74	5.41459e-05
74	74	0.297076
75	74	2.53512e-05
76	74	-0.04185
77	74	3.47515e-05
78	74	0.195296
79	74	0.0311207
80	74	0.0226886
81	74	-0.0244455
82	74	0.0154521
83	74	-0.00774832
84	74	0.0037453
85	74	-0.0326926
86	74	-0.435839
87	74	-0.0338889
88	74	-0.0576257
89	74	-0.0513106
90	74	-0.0256561
91	74	-0.00625205
1	75	-0.0110245
2	75	-0.162276
3	75	-0.0100692
4	75	-0.0158877
5	75	-0.0157776
6	75	-0.0121715
7	75	-0.00801097
64	75	-0.323184
65	75	0.00886182
66	75	-0.00108288
67	75	0.0223724
68	75	-0.041197
69	75	0.0396165
70	75	-0.0242527
71	75	0.480678
72	75	0.480744
73	75	-0.0212627
74	75	2.53512e-05
75	75	0.291698
76	75	3.96343e-05
77	75	-0.0586485
78	75	-0.161814
79	75	-0.0108787
80	75	-0.0100696
81	75	0.0158848
82	75	-0.0158062
83	75	0.0120717
84	75	-0.00777068
85	75	0.00871603
86	75	-0.322592
87	75	-0.00107942
88	75	-0.0223621
89	75	-0.0411771
90	75	-0.0395533
91	75	-0.0240877
1	76	-0.00160444
2	76	-0.126086
3	76	-0.00278947
4	76	-0.00827411
5	76	-0.0124678
6	76	-0.0130207
7	76	-0.0106059
64	76	0.256867
65	76	0.00108513
66	76	0.000216809
67	76	-0.00378925
68	76	0.0160402
69	76	-0.0290495
70	76	0.0312854
71	76	-0.380534
72	76	0.380288
73	76	-2.02022e-05
74	76	-0.04185
75	76	3.96343e-05
76	76	0.284857
77	76	0.000655206
78	76	0.126264
79	76	0.00173567
80	76	0.0027872
81	76	-0.00826534
82	76	0.0125405
83	76	-0.0128038
84	76	0.0104495
85	76	-0.00122382
86	76	-0.256855
87	76	-0.00022592
88	76	-0.00380296
89	76	-0.0160156
90	76	-0.0290033
91	76	-0.0309657
1	77	0.00104363
2	77	-0.0932838
3	77	-0.000840339
4	77	-0.00419336
5	77	-0.00836939
6	77	-0.0108467
7	77	-0.00961738
64	77	-0.191036
65	77	-0.0010536
66	77	6.30693e-05
67	77	0.000188035
68	77	-0.00398496
69	77	0.0130358
70	77	-0.0233204
71	77	0.28724
72	77	0.287118
73	77	-0.000938986
74	77	3.47515e-05
75	77	-0.0586485
76	77	0.000655206
77	77	0.252416
78	77	-0.0966256
79	77	0.00127808
80	77	-0.000854477
81	77	0.00429928
82	77	-0.00843752
83	77	0.0109623
84	77	-0.00997828
85	77	-0.0012964
86	77	-0.194328
87	77	4.93897e-05
88	77	-0.000208005
89	77	-0.00394634
90	77	-0.0131899
91	77	-0.0233194
71	78	-1.99684
72	78	-0.211078
73	78	-0.160507
74	78	0.195296
75	78	-0.161814
76	78	0.126264
77	78	-0.0966256
78	78	6.93481
79	78	1.45824
80	78	0.802904
81	78	-0.628142
82	78	0.466776
83	78	-0.367472
84	78	0.277188
85	78	-0.69651
86	78	-0.263583
87	78	-0.158399
88	78	0.0975038
89	78	-0.00257021
90	78	-0.0138244
91	78	0.000481693
127	78	-0.396041
128	78	-4.35055
129	78	-0.312221
130	78	-0.38646
131	78	-0.321321
132	78	-0.25263
133	78	-0.215518
134	78	-0.0666687
135	78	-0.223861
136	78	-0.0385348
137	78	-0.0327563
138	78	-0.0112762
139	78	-8.07608e-05
140	78	-0.000970743
71	79	-0.215962
72	79	-0.0497985
73	79	-0.03695
74	79	0.0311207
75	79	-0.0108787
76	79	0.00173567
77	79	0.00127808
78	79	1.45824
79	79	6.90566
80	79	0.804253
81	79	0.630538
82	79	0.467332
83	79	0.365815
84	79	0.270234
85	79	-4.32784
86	79	-0.42876
87	79	-0.320791
88	79	0.388093
89	79	-0.318582
90	79	0.249632
91	79	-0.212411
127	79	-0.237404
128	79	-0.686207
129	79	-0.150788
130	79	-0.101261
131	79	-0.00657422
132	79	0.0156945
133	79	0.0025445
134	79	-0.215616
135	79	-2.01493
136	79	-0.161901
137	79	-0.198373
138	79	-0.163728
139	79	-0.125614
140	79	-0.091478
71	80	-0.16425
72	80	-0.0367135
73	80	-0.0249785
74	80	0.0226886
75	80	-0.0100696
76	80	0.0027872
77	80	-0.000854477
78	80	0.802904
79	80	0.804253
80	80	0.286103
81	80	0.000381204
82	80	-0.0222674
83	80	-0.000106978
84	80	-0.00113276
85	80	-0.448777
86	80	-0.121617
87	80	-0.0796566
88	80	0.0648262
89	80	-0.0205955
90	80	0.000712648
91	80	0.000853183
127	80	-0.113967
128	80	-0.443886
129	80	-0.0765295
130	80	-0.0655292
131	80	-0.0224094
132	80	-0.000606191
133	80	0.00140673
134	80	-0.0374145
135	80	-0.168436
136	80	-0.0257198
137	80	-0.023648
138	80	-0.0103496
139	80	-0.00253776
140	80	-0.000648866
71	81	0.198457
72	81	0.0305567
73	81	0.0223268
74	81	-0.0244455
75	81	0.0158848
76	81	-0.00826534
77	81	0.00429928
78	81	-0.628142
79	81	0.630538
80	81	0.000381204
81	81	0.293519
82	81	0.000154798
83	81	-0.0431969
84	81	-0.000114423
85	81	-0.423785
86	81	-0.0317308
87	81	-0.0325901
88	81	0.0553827
89	81	-0.0496326
90	81	0.0252695
91	81	-0.00660111
127	81	0.0324064
128	81	0.420884
129	81	0.0321834
130	81	0.0538427
131	81	0.0493386
132	81	0.0264044
133	81	0.00720807
134	81	-0.0302223
135	81	-0.20017
136	81	-0.0223997
137	81	-0.0249106
138	81	-0.0163066
139	81	-0.00839056
140	81	-0.00399961
71	82	-0.163108
72	82	-0.00991295
73	82	-0.00953321
74	82	0.0154521
75	82	-0.0158062
76	82	0.0125405
77	82	-0.00843752
78	82	0.466776
79	82	0.467332
80	82	-0.0222674
81	82	0.000154798
82	82	0.28869
83	82	3.82071e-06
84	82	-0.0601752
85	82	-0.30993
86	82	0.00917092
87	82	-0.000331445
88	82	0.0207647
89	82	-0.0392131
90	82	0.0381074
91	82	-0.0235821
127	82	0.00769076
128	82	-0.309006
129	82	-0.000969958
130	82	-0.0201597
131	82	-0.0380772
132	82	-0.03793
133	82	-0.0242525
134	82	-0.00952322
135	82	-0.161705
136	82	-0.00915405
137	82	-0.0152944
138	82	-0.0160856
139	82	-0.0127647
140	82	-0.00801168
71	83	0.125099
72	83	0.00145619
73	83	0.00239803
74	83	-0.00774832
75	83	0.0120717
76	83	-0.0128038
77	83	0.0109623
78	83	-0.367472
79	83	0.365815
80	83	-0.000106978
81	83	-0.0431969
82	83	3.82071e-06
83	83	0.281762
84	83	-0.000563436
85	83	-0.243774
86	83	-0.00100029
87	83	0.000111201
88	83	0.0030724
89	83	-0.0146848
90	83	0.0271622
91	83	-0.0296405
127	83	0.000593163
128	83	0.244407
129	83	6.35321e-05
130	83	0.00351198
131	83	0.0144249
132	83	0.0262421
133	83	0.0294736
134	83	-0.00104699
135	83	-0.1237
136	83	-0.00223903
137	83	-0.00754291
138	83	-0.0121015
139	83	-0.0128501
140	83	-0.0102382
71	84	-0.0926466
72	84	0.00112599
73	84	-0.000641721
74	84	0.0037453
75	84	-0.00777068
76	84	0.0104495
77	84	-0.00997828
78	84	0.277188
79	84	0.270234
80	84	-0.00113276
81	84	-0.000114423
82	84	-0.0601752
83	84	-0.000563436
84	84	0.247546
85	84	-0.177636
86	84	-0.00107951
87	84	6.49071e-05
88	84	-5.33553e-05
89	84	-0.00329421
90	84	0.0116351
91	84	-0.0218408
127	84	0.00247993
128	84	-0.184715
129	84	0.000153619
130	84	-0.000106477
131	84	-0.00350824
132	84	-0.0119194
133	84	-0.0218436
134	84	-0.00224881
135	84	-0.0929107
136	84	-0.000701557
137	84	-0.00369913
138	84	-0.00764327
139	84	-0.0100746
140	84	-0.00986251
22	85	-0.427848
23	85	-0.264445
24	85	-0.121575
25	85	0.0315486
26	85	0.00934016
27	85	0.000777239
28	85	-0.00122843
71	85	-0.273125
72	85	-0.444814
73	85	-0.125306
74	85	-0.0326926
75	85	0.00871603
76	85	-0.00122382
77	85	-0.0012964
78	85	-0.69651
79	85	-4.32784
80	85	-0.448777
81	85	-0.423785
82	85	-0.30993
83	85	-0.243774
84	85	-0.177636
85	85	9.99211
86	85	1.95875
87	85	1.03141
88	85	-0.806188
89	85	0.642613
90	85	-0.508128
91	85	0.436007
92	85	-4.53065
93	85	-0.709845
94	85	-0.458272
95	85	0.436038
96	85	-0.323184
97	85	0.256867
98	85	-0.191036
