252	252	6120
1	1	6.38496
2	1	1.46073
3	1	0.80428
4	1	-0.631409
5	1	0.465753
6	1	-0.340206
7	1	-0.690712
8	1	-0.241405
9	1	-0.151311
10	1	0.101395
11	1	-0.00676798
12	1	-0.0157602
55	1	-0.416214
56	1	-3.99527
57	1	-0.320684
58	1	-0.387711
59	1	-0.319094
60	1	-0.254036
61	1	-0.0622892
62	1	-0.216635
63	1	-0.0370009
64	1	-0.0310203
65	1	-0.0113922
66	1	-0.000285706
1	2	1.46073
2	2	6.33473
3	2	0.802406
4	2	0.626718
5	2	0.461961
6	2	0.334778
7	2	-3.95389
8	2	-0.414206
9	2	-0.312335
10	2	0.386232
11	2	-0.320055
12	2	0.250426
55	2	-0.261925
56	2	-0.696875
57	2	-0.158328
58	2	-0.097475
59	2	-0.0025085
60	2	0.0138315
61	2	-0.212654
62	2	-1.79501
63	2	-0.160561
64	2	-0.195638
65	2	-0.161576
66	2	-0.11699
1	3	0.80428
2	3	0.802406
3	3	0.286
4	3	-0.000499288
5	3	-0.0223704
6	3	0.00011415
7	3	-0.44407
8	3	-0.113992
9	3	-0.0765643
10	3	0.0655622
11	3	-0.0224288
12	3	0.000629912
55	3	-0.12153
56	3	-0.44855
57	3	-0.079623
58	3	-0.0647923
59	3	-0.0205765
60	3	-0.000706623
61	3	-0.0367539
62	3	-0.164201
63	3	-0.0249814
64	3	-0.0227032
65	3	-0.0101201
66	3	-0.00287702
1	4	-0.631409
2	4	0.626718
3	4	-0.000499288
4	4	0.293217
5	4	-3.47594e-05
6	4	-0.0441288
7	4	-0.420448
8	4	-0.0325169
9	4	-0.0322008
10	4	0.0538894
11	4	-0.0494045
12	4	0.026219
55	4	0.0316413
56	4	0.423853
57	4	0.032568
58	4	0.0553516
59	4	0.0496042
60	4	0.0252376
61	4	-0.0304954
62	4	-0.198174
63	4	-0.0223434
64	4	-0.024532
65	4	-0.0161863
66	4	-0.00890428
1	5	0.465753
2	5	0.461961
3	5	-0.0223704
4	5	-3.47594e-05
5	5	0.285026
6	5	0.000632971
7	5	-0.305713
8	5	0.00739402
9	5	-0.000970326
10	5	0.0201358
11	5	-0.0379357
12	5	0.0376455
55	5	0.0103196
56	5	-0.308641
57	5	-0.000324568
58	5	-0.0207688
59	5	-0.039248
60	5	-0.0384463
61	5	-0.0110594
62	5	-0.161712
63	5	-0.00957493
64	5	-0.01573
65	5	-0.0171018
66	5	-0.0139354
1	6	-0.340206
2	6	0.334778
3	6	0.00011415
4	6	-0.0441288
5	6	0.000632971
6	6	0.251416
7	6	-0.220774
8	6	-0.00185427
9	6	-1.6281e-05
10	6	0.00341573
11	6	-0.0140099
12	6	0.0268163
55	6	-0.000632046
56	6	0.228667
57	6	-0.000104001
58	6	0.00303067
59	6	0.0148451
60	6	0.0287029
61	6	0.000208384
62	6	-0.116034
63	6	-0.00249331
64	6	-0.00849584
65	6	-0.0136805
66	6	-0.0140189
1	7	-0.690712
2	7	-3.95389
3	7	-0.44407
4	7	-0.420448
5	7	-0.305713
6	7	-0.220774
7	7	9.30099
8	7	1.98806
9	7	1.0382
10	7	-0.807267
11	7	0.644049
12	7	-0.499147
13	7	-4.26163
14	7	-0.769401
15	7	-0.484762
16	7	0.444317
17	7	-0.321475
18	7	0.239832
1	8	-0.241405
2	8	-0.414206
3	8	-0.113992
4	8	-0.0325169
5	8	0.00739402
6	8	-0.00185427
7	8	1.98806
8	8	9.51497
9	8	1.0484
10	8	0.829254
11	8	0.673512
12	8	0.532962
13	8	-0.502303
14	8	-0.350839
15	8	-0.151963
16	8	0.0250364
17	8	0.0142091
18	8	0.00516464
1	9	-0.151311
2	9	-0.312335
3	9	-0.0765643
4	9	-0.0322008
5	9	-0.000970326
6	9	-1.6281e-05
7	9	1.0382
8	9	1.0484
9	9	0.349691
10	9	0.00111884
11	9	-0.00318065
12	9	0.000976961
13	9	-0.36155
14	9	-0.193418
15	9	-0.0936665
16	9	0.0331086
17	9	0.00134002
18	9	0.000634254
1	10	0.101395
2	10	0.386232
3	10	0.0655622
4	10	0.0538894
5	10	0.0201358
6	10	0.00341573
7	10	-0.807267
8	10	0.829254
9	10	0.00111884
10	10	0.350817
11	10	0.00267395
12	10	-0.0262525
13	10	0.413619
14	10	0.0911194
15	10	0.0664095
16	10	-0.0627074
17	10	0.0228663
18	10	-0.00202885
1	11	-0.00676798
2	11	-0.320055
3	11	-0.0224288
4	11	-0.0494045
5	11	-0.0379357
6	11	-0.0140099
7	11	0.644049
8	11	0.673512
9	11	-0.00318065
10	11	0.00267395
11	11	0.327309
12	11	0.00229567
13	11	-0.329959
14	11	0.012069
15	11	-0.0162257
16	11	0.0536887
17	11	-0.044544
18	11	0.0161527
1	12	-0.0157602
2	12	0.250426
3	12	0.000629912
4	12	0.026219
5	12	0.0376455
6	12	0.0268163
7	12	-0.499147
8	12	0.532962
9	12	0.000976961
10	12	-0.0262525
11	12	0.00229567
12	12	0.309162
13	12	0.254169
14	12	-0.00951631
15	12	0.000176276
16	12	-0.0232118
17	12	0.041989
18	12	-0.0307758
7	13	-4.26163
8	13	-0.502303
9	13	-0.36155
10	13	0.413619
11	13	-0.329959
12	13	0.254169
13	13	6.70099
14	13	1.62207
15	13	0.855584
16	13	-0.640855
17	13	0.483393
18	13	-0.352982
19	13	-1.8249
20	13	-0.2262
21	13	-0.168517
22	13	0.200436
23	13	-0.161189
24	13	0.1133
25	13	-0.315676
26	13	-0.787586
27	13	-0.186499
28	13	-0.106249
29	13	0.00447515
30	13	0.0162727
7	14	-0.769401
8	14	-0.350839
9	14	-0.193418
10	14	0.0911194
11	14	0.012069
12	14	-0.00951631
13	14	1.62207
14	14	7.58409
15	14	0.89978
16	14	0.726918
17	14	0.557518
18	14	0.435852
19	14	-0.21346
20	14	-0.0485895
21	14	-0.0374471
22	14	0.0303381
23	14	-0.00930665
24	14	0.00248865
25	14	-0.559779
26	14	-5.13314
27	14	-0.417904
28	14	-0.504725
29	14	-0.416082
30	14	-0.328364
7	15	-0.484762
8	15	-0.151963
9	15	-0.0936665
10	15	0.0664095
11	15	-0.0162257
12	15	0.000176276
13	15	0.855584
14	15	0.89978
15	15	0.307433
16	15	0.00739282
17	15	-0.0182695
18	15	0.00159311
19	15	-0.161873
20	15	-0.0384907
21	15	-0.0257262
22	15	0.0224259
23	15	-0.00924422
24	15	0.00231137
25	15	-0.150808
26	15	-0.521805
27	15	-0.0972703
28	15	-0.0757343
29	15	-0.0205585
30	15	0.00172021
7	16	0.444317
8	16	0.0250364
9	16	0.0331086
10	16	-0.0627074
11	16	0.0536887
12	16	-0.0232118
13	16	-0.640855
14	16	0.726918
15	16	0.00739282
16	16	0.309833
17	16	0.00710591
18	16	-0.0389399
19	16	0.198157
20	16	0.0326701
21	16	0.0236743
22	16	-0.0250367
23	16	0.0157898
24	16	-0.00801543
25	16	-0.0463326
26	16	-0.524618
27	16	-0.0458847
28	16	-0.0734639
29	16	-0.060662
30	16	-0.026203
7	17	-0.321475
8	17	0.0142091
9	17	0.00134002
10	17	0.0228663
11	17	-0.044544
12	17	0.041989
13	17	0.483393
14	17	0.557518
15	17	-0.0182695
16	17	0.00710591
17	17	0.298191
18	17	0.00810168
19	17	-0.162284
20	17	-0.0125379
21	17	-0.0104217
22	17	0.0166693
23	17	-0.0173811
24	17	0.0127796
25	17	0.00940926
26	17	-0.401207
27	17	-0.00443834
28	17	-0.0331257
29	17	-0.0549982
30	17	-0.0480112
7	18	0.239832
8	18	0.00516464
9	18	0.000634254
10	18	-0.00202885
11	18	0.0161527
12	18	-0.0307758
13	18	-0.352982
14	18	0.435852
15	18	0.00159311
16	18	-0.0389399
17	18	0.00810168
18	18	0.270299
19	18	0.116784
20	18	0.00169243
21	18	0.00262642
22	18	-0.00905942
23	18	0.0138375
24	18	-0.0130147
25	18	-0.00130074
26	18	-0.319963
27	18	-0.000424591
28	18	-0.00696174
29	18	-0.0249378
30	18	-0.0417302
13	19	-1.8249
14	19	-0.21346
15	19	-0.161873
16	19	0.198157
17	19	-0.162284
18	19	0.116784
19	19	6.38496
20	19	1.46073
21	19	0.80428
22	19	-0.631409
23	19	0.465753
24	19	-0.340206
25	19	-0.690712
26	19	-0.241405
27	19	-0.151311
28	19	0.101395
29	19	-0.00676798
30	19	-0.0157602
73	19	-0.416214
74	19	-3.99527
75	19	-0.320684
76	19	-0.387711
77	19	-0.319094
78	19	-0.254036
79	19	-0.0622892
80	19	-0.216635
81	19	-0.0370009
82	19	-0.0310203
83	19	-0.0113922
84	19	-0.000285706
13	20	-0.2262
14	20	-0.0485895
15	20	-0.0384907
16	20	0.0326701
17	20	-0.0125379
18	20	0.00169243
19	20	1.46073
20	20	6.33473
21	20	0.802406
22	20	0.626718
23	20	0.461961
24	20	0.334778
25	20	-3.95389
26	20	-0.414206
27	20	-0.312335
28	20	0.386232
29	20	-0.320055
30	20	0.250426
73	20	-0.261925
74	20	-0.696875
75	20	-0.158328
76	20	-0.097475
77	20	-0.0025085
78	20	0.0138315
79	20	-0.212654
80	20	-1.79501
81	20	-0.160561
82	20	-0.195638
83	20	-0.161576
84	20	-0.11699
13	21	-0.168517
14	21	-0.0374471
15	21	-0.0257262
16	21	0.0236743
17	21	-0.0104217
18	21	0.00262642
19	21	0.80428
20	21	0.802406
21	21	0.286
22	21	-0.000499288
23	21	-0.0223704
24	21	0.000114149
25	21	-0.44407
26	21	-0.113992
27	21	-0.0765643
28	21	0.0655622
29	21	-0.0224288
30	21	0.000629912
73	21	-0.12153
74	21	-0.44855
75	21	-0.079623
76	21	-0.0647923
77	21	-0.0205765
78	21	-0.000706624
79	21	-0.0367539
80	21	-0.164201
81	21	-0.0249814
82	21	-0.0227032
83	21	-0.0101201
84	21	-0.00287702
13	22	0.200436
14	22	0.0303381
15	22	0.0224259
16	22	-0.0250367
17	22	0.0166693
18	22	-0.00905942
19	22	-0.631409
20	22	0.626718
21	22	-0.000499288
22	22	0.293217
23	22	-3.47606e-05
24	22	-0.0441288
25	22	-0.420448
26	22	-0.0325169
27	22	-0.0322008
28	22	0.0538894
29	22	-0.0494045
30	22	0.026219
73	22	0.0316413
74	22	0.423853
75	22	0.032568
76	22	0.0553516
77	22	0.0496042
78	22	0.0252376
79	22	-0.0304954
80	22	-0.198174
81	22	-0.0223434
82	22	-0.024532
83	22	-0.0161863
84	22	-0.00890428
13	23	-0.161189
14	23	-0.00930665
15	23	-0.00924422
16	23	0.0157898
17	23	-0.0173811
18	23	0.0138375
19	23	0.465753
20	23	0.461961
21	23	-0.0223704
22	23	-3.47606e-05
23	23	0.285026
24	23	0.00063297
25	23	-0.305713
26	23	0.00739402
27	23	-0.000970326
28	23	0.0201358
29	23	-0.0379357
30	23	0.0376455
73	23	0.0103196
74	23	-0.308641
75	23	-0.000324568
76	23	-0.0207688
77	23	-0.039248
78	23	-0.0384463
79	23	-0.0110594
80	23	-0.161712
81	23	-0.00957493
82	23	-0.01573
83	23	-0.0171018
84	23	-0.0139354
13	24	0.1133
14	24	0.00248865
15	24	0.00231137
16	24	-0.00801543
17	24	0.0127796
18	24	-0.0130147
19	24	-0.340206
20	24	0.334778
21	24	0.000114149
22	24	-0.0441288
23	24	0.00063297
24	24	0.251416
25	24	-0.220774
26	24	-0.00185427
27	24	-1.6281e-05
28	24	0.00341573
29	24	-0.0140099
30	24	0.0268163
73	24	-0.000632045
74	24	0.228667
75	24	-0.000104001
76	24	0.00303067
77	24	0.0148451
78	24	0.0287029
79	24	0.000208384
80	24	-0.116034
81	24	-0.00249331
82	24	-0.00849584
83	24	-0.0136805
84	24	-0.0140189
13	25	-0.315676
14	25	-0.559779
15	25	-0.150808
16	25	-0.0463326
17	25	0.00940926
18	25	-0.00130074
19	25	-0.690712
20	25	-3.95389
21	25	-0.44407
22	25	-0.420448
23	25	-0.305713
24	25	-0.220774
25	25	9.30099
26	25	1.98806
27	25	1.0382
28	25	-0.807267
29	25	0.644049
30	25	-0.499147
31	25	-4.26163
32	25	-0.769401
33	25	-0.484762
34	25	0.444317
35	25	-0.321475
36	25	0.239832
13	26	-0.787586
14	26	-5.13314
15	26	-0.521805
16	26	-0.524618
17	26	-0.401207
18	26	-0.319963
19	26	-0.241405
20	26	-0.414206
21	26	-0.113992
22	26	-0.0325169
23	26	0.00739402
24	26	-0.00185427
25	26	1.98806
26	26	9.51497
27	26	1.0484
28	26	0.829254
29	26	0.673512
30	26	0.532962
31	26	-0.502303
32	26	-0.350839
33	26	-0.151963
34	26	0.0250364
35	26	0.0142091
36	26	0.00516464
13	27	-0.186499
14	27	-0.417904
15	27	-0.0972703
16	27	-0.0458847
17	27	-0.00443834
18	27	-0.000424591
19	27	-0.151311
20	27	-0.312335
21	27	-0.0765643
22	27	-0.0322008
23	27	-0.000970326
24	27	-1.6281e-05
25	27	1.0382
26	27	1.0484
27	27	0.349691
28	27	0.00111883
29	27	-0.00318065
30	27	0.000976962
31	27	-0.36155
32	27	-0.193418
33	27	-0.0936665
34	27	0.0331086
35	27	0.00134002
36	27	0.000634255
13	28	-0.106249
14	28	-0.504725
15	28	-0.0757343
16	28	-0.0734639
17	28	-0.0331257
18	28	-0.00696174
19	28	0.101395
20	28	0.386232
21	28	0.0655622
22	28	0.0538894
23	28	0.0201358
24	28	0.00341573
25	28	-0.807267
26	28	0.829254
27	28	0.00111883
28	28	0.350817
29	28	0.00267395
30	28	-0.0262525
31	28	0.413619
32	28	0.0911194
33	28	0.0664095
34	28	-0.0627074
35	28	0.0228663
36	28	-0.00202885
13	29	0.00447515
14	29	-0.416082
15	29	-0.0205585
16	29	-0.060662
17	29	-0.0549982
18	29	-0.0249378
19	29	-0.00676798
20	29	-0.320055
21	29	-0.0224288
22	29	-0.0494045
23	29	-0.0379357
24	29	-0.0140099
25	29	0.644049
26	29	0.673512
27	29	-0.00318065
28	29	0.00267395
29	29	0.327309
30	29	0.00229567
31	29	-0.329959
32	29	0.012069
33	29	-0.0162257
34	29	0.0536887
35	29	-0.044544
36	29	0.0161527
13	30	0.0162727
14	30	-0.328364
15	30	0.00172021
16	30	-0.026203
17	30	-0.0480112
18	30	-0.0417302
19	30	-0.0157602
20	30	0.250426
21	30	0.000629912
22	30	0.026219
23	30	0.0376455
24	30	0.0268163
25	30	-0.499147
26	30	0.532962
27	30	0.000976962
28	30	-0.0262525
29	30	0.00229567
30	30	0.309162
31	30	0.254169
32	30	-0.00951631
33	30	0.000176276
34	30	-0.0232118
35	30	0.041989
36	30	-0.0307758
25	31	-4.26163
26	31	-0.502303
27	31	-0.36155
28	31	0.413619
29	31	-0.329959
30	31	0.254169
31	31	6.70099
32	31	1.62207
33	31	0.855584
34	31	-0.640855
35	31	0.483393
36	31	-0.352982
37	31	-1.8249
38	31	-0.2262
39	31	-0.168517
40	31	0.200436
41	31	-0.161189
42	31	0.1133
43	31	-0.315676
44	31	-0.787586
45	31	-0.186499
46	31	-0.106249
47	31	0.00447516
48	31	0.0162727
25	32	-0.769401
26	32	-0.350839
27	32	-0.193418
28	32	0.0911194
29	32	0.012069
30	32	-0.00951631
31	32	1.62207
32	32	7.58409
33	32	0.89978
34	32	0.726918
35	32	0.557518
36	32	0.435852
37	32	-0.21346
38	32	-0.0485895
39	32	-0.0374471
40	32	0.0303381
41	32	-0.00930665
42	32	0.00248865
43	32	-0.559779
44	32	-5.13314
45	32	-0.417904
46	32	-0.504725
47	32	-0.416082
48	32	-0.328364
25	33	-0.484762
26	33	-0.151963
27	33	-0.0936665
28	33	0.0664095
29	33	-0.0162257
30	33	0.000176276
31	33	0.855584
32	33	0.89978
33	33	0.307433
34	33	0.00739282
35	33	-0.0182695
36	33	0.00159311
37	33	-0.161873
38	33	-0.0384907
39	33	-0.0257262
40	33	0.0224259
41	33	-0.00924422
42	33	0.00231137
43	33	-0.150808
44	33	-0.521805
45	33	-0.0972703
46	33	-0.0757343
47	33	-0.0205585
48	33	0.00172021
25	34	0.444317
26	34	0.0250364
27	34	0.0331086
28	34	-0.0627074
29	34	0.0536887
30	34	-0.0232118
31	34	-0.640855
32	34	0.726918
33	34	0.00739282
34	34	0.309833
35	34	0.0071059
36	34	-0.0389399
37	34	0.198157
38	34	0.0326701
39	34	0.0236743
40	34	-0.0250367
41	34	0.0157898
42	34	-0.00801543
43	34	-0.0463326
44	34	-0.524618
45	34	-0.0458847
46	34	-0.0734639
47	34	-0.060662
48	34	-0.026203
25	35	-0.321475
26	35	0.0142091
27	35	0.00134002
28	35	0.0228663
29	35	-0.044544
30	35	0.041989
31	35	0.483393
32	35	0.557518
33	35	-0.0182695
34	35	0.0071059
35	35	0.298191
36	35	0.00810168
37	35	-0.162284
38	35	-0.0125379
39	35	-0.0104217
40	35	0.0166693
41	35	-0.0173811
42	35	0.0127796
43	35	0.00940926
44	35	-0.401207
45	35	-0.00443834
46	35	-0.0331257
47	35	-0.0549982
48	35	-0.0480112
25	36	0.239832
26	36	0.00516464
27	36	0.000634255
28	36	-0.00202885
29	36	0.0161527
30	36	-0.0307758
31	36	-0.352982
32	36	0.435852
33	36	0.00159311
34	36	-0.0389399
35	36	0.00810168
36	36	0.270299
37	36	0.116784
38	36	0.00169243
39	36	0.00262642
40	36	-0.00905942
41	36	0.0138375
42	36	-0.0130147
43	36	-0.00130074
44	36	-0.319963
45	36	-0.000424591
46	36	-0.00696173
47	36	-0.0249378
48	36	-0.0417302
31	37	-1.8249
32	37	-0.21346
33	37	-0.161873
34	37	0.198157
35	37	-0.162284
36	37	0.116784
37	37	6.38496
38	37	1.46073
39	37	0.80428
40	37	-0.631409
41	37	0.465753
42	37	-0.340206
43	37	-0.690712
44	37	-0.241405
45	37	-0.151311
46	37	0.101395
47	37	-0.00676798
48	37	-0.0157602
91	37	-0.416214
92	37	-3.99527
93	37	-0.320684
94	37	-0.387711
95	37	-0.319094
96	37	-0.254036
31	38	-0.2262
32	38	-0.0485895
33	38	-0.0384907
34	38	0.0326701
35	38	-0.0125379
36	38	0.00169243
37	38	1.46073
38	38	6.33473
39	38	0.802406
40	38	0.626718
41	38	0.461961
42	38	0.334778
43	38	-3.95389
44	38	-0.414206
45	38	-0.312335
46	38	0.386232
47	38	-0.320055
48	38	0.250426
91	38	-0.261925
92	38	-0.696875
93	38	-0.158328
94	38	-0.097475
95	38	-0.0025085
96	38	0.0138315
31	39	-0.168517
32	39	-0.0374471
33	39	-0.0257262
34	39	0.0236743
35	39	-0.0104217
36	39	0.00262642
37	39	0.80428
38	39	0.802406
39	39	0.286
40	39	-0.000499288
41	39	-0.0223704
42	39	0.000114149
43	39	-0.44407
44	39	-0.113992
45	39	-0.0765643
46	39	0.0655622
47	39	-0.0224288
48	39	0.000629912
91	39	-0.12153
92	39	-0.44855
93	39	-0.079623
94	39	-0.0647923
95	39	-0.0205765
96	39	-0.000706624
31	40	0.200436
32	40	0.0303381
33	40	0.0224259
34	40	-0.0250367
35	40	0.0166693
36	40	-0.00905942
37	40	-0.631409
38	40	0.626718
39	40	-0.000499288
40	40	0.293217
41	40	-3.47606e-05
42	40	-0.0441288
43	40	-0.420448
44	40	-0.0325169
45	40	-0.0322008
46	40	0.0538894
47	40	-0.0494045
48	40	0.026219
91	40	0.0316413
92	40	0.423853
93	40	0.032568
94	40	0.0553516
95	40	0.0496042
96	40	0.0252376
31	41	-0.161189
32	41	-0.00930665
33	41	-0.00924422
34	41	0.0157898
35	41	-0.0173811
36	41	0.0138375
37	41	0.465753
38	41	0.461961
39	41	-0.0223704
40	41	-3.47606e-05
41	41	0.285026
42	41	0.000632971
43	41	-0.305713
44	41	0.00739402
45	41	-0.000970327
46	41	0.0201358
47	41	-0.0379357
48	41	0.0376455
91	41	0.0103196
92	41	-0.308641
93	41	-0.000324569
94	41	-0.0207688
95	41	-0.039248
96	41	-0.0384463
31	42	0.1133
32	42	0.00248865
33	42	0.00231137
34	42	-0.00801543
35	42	0.0127796
36	42	-0.0130147
37	42	-0.340206
38	42	0.334778
39	42	0.000114149
40	42	-0.0441288
41	42	0.000632971
42	42	0.251416
43	42	-0.220774
44	42	-0.00185427
45	42	-1.62812e-05
46	42	0.00341573
47	42	-0.0140099
48	42	0.0268163
91	42	-0.000632046
92	42	0.228667
93	42	-0.000104002
94	42	0.00303067
95	42	0.0148451
96	42	0.0287029
31	43	-0.315676
32	43	-0.559779
33	43	-0.150808
34	43	-0.0463326
35	43	0.00940926
36	43	-0.00130074
37	43	-0.690712
38	43	-3.95389
39	43	-0.44407
40	43	-0.420448
41	43	-0.305713
42	43	-0.220774
43	43	9.30099
44	43	1.98806
45	43	1.0382
46	43	-0.807267
47	43	0.644049
48	43	-0.499147
31	44	-0.787586
32	44	-5.13314
33	44	-0.521805
34	44	-0.524618
35	44	-0.401207
36	44	-0.319963
37	44	-0.241405
38	44	-0.414206
39	44	-0.113992
40	44	-0.0325169
41	44	0.00739402
42	44	-0.00185427
43	44	1.98806
44	44	9.51497
45	44	1.0484
46	44	0.829254
47	44	0.673512
48	44	0.532962
31	45	-0.186499
32	45	-0.417904
33	45	-0.0972703
34	45	-0.0458847
35	45	-0.00443834
36	45	-0.000424591
37	45	-0.151311
38	45	-0.312335
39	45	-0.0765643
40	45	-0.0322008
41	45	-0.000970327
42	45	-1.62812e-05
43	45	1.0382
44	45	1.0484
45	45	0.349691
46	45	0.00111883
47	45	-0.00318065
48	45	0.000976961
31	46	-0.106249
32	46	-0.504725
33	46	-0.0757343
34	46	-0.0734639
35	46	-0.0331257
36	46	-0.00696173
37	46	0.101395
38	46	0.386232
39	46	0.0655622
40	46	0.0538894
41	46	0.0201358
42	46	0.00341573
43	46	-0.807267
44	46	0.829254
45	46	0.00111883
46	46	0.350817
47	46	0.00267395
48	46	-0.0262525
31	47	0.00447516
32	47	-0.416082
33	47	-0.0205585
34	47	-0.060662
35	47	-0.0549982
36	47	-0.0249378
37	47	-0.00676798
38	47	-0.320055
39	47	-0.0224288
40	47	-0.0494045
41	47	-0.0379357
42	47	-0.0140099
43	47	0.644049
44	47	0.673512
45	47	-0.00318065
46	47	0.00267395
47	47	0.327309
48	47	0.00229567
31	48	0.0162727
32	48	-0.328364
33	48	0.00172021
34	48	-0.026203
35	48	-0.0480112
36	48	-0.0417302
37	48	-0.0157602
38	48	0.250426
39	48	0.000629912
40	48	0.026219
41	48	0.0376455
42	48	0.0268163
43	48	-0.499147
44	48	0.532962
45	48	0.000976961
46	48	-0.0262525
47	48	0.00229567
48	48	0.309162
49	49	6.40398
50	49	1.46188
51	49	0.802972
52	49	-0.628377
53	49	0.463919
54	49	-0.347918
55	49	-0.698828
56	49	-0.263576
57	49	-0.158398
58	49	0.0975034
59	49	-0.00269764
60	49	-0.0137483
97	49	-0.414441
98	49	-4.00029
99	49	-0.312249
100	49	-0.386237
101	49	-0.322929
102	49	-0.257793
103	49	-0.0479582
104	49	-0.225068
105	49	-0.0383353
106	49	-0.0327107
107	49	-0.011383
108	49	-0.00218653
49	50	1.46188
50	50	6.36566
51	50	0.804178
52	50	0.630449
53	50	0.463567
54	50	0.340199
55	50	-3.966
56	50	-0.414271
57	50	-0.320798
58	50	0.387735
59	50	-0.317862
60	50	0.253117
97	50	-0.251079
98	50	-0.691692
99	50	-0.151784
100	50	-0.101393
101	50	-0.00752205
102	50	0.0168066
103	50	-0.205793
104	50	-1.83504
105	50	-0.161945
106	50	-0.198646
107	50	-0.163196
108	50	-0.115331
49	51	0.802972
50	51	0.804178
51	51	0.286096
52	51	0.000377448
53	51	-0.0223836
54	51	-0.000124837
55	51	-0.448735
56	51	-0.121569
57	51	-0.0796564
58	51	0.0648264
59	51	-0.0205958
60	51	0.000717951
97	51	-0.113947
98	51	-0.443912
99	51	-0.0765302
100	51	-0.0655269
101	51	-0.0224043
102	51	-0.000593932
103	51	-0.0374481
104	51	-0.168418
105	51	-0.0257237
106	51	-0.0236693
107	51	-0.010419
108	51	-0.00258726
49	52	-0.628377
50	52	0.630449
51	52	0.000377448
52	52	0.29326
53	52	0.000133488
54	52	-0.0441538
55	52	-0.423964
56	52	-0.0311728
57	52	-0.0325881
58	52	0.0553858
59	52	-0.049636
60	52	0.0252606
97	52	0.0318998
98	52	0.42093
99	52	0.0321779
100	52	0.0538643
101	52	0.0493468
102	52	0.0264631
103	52	-0.029805
104	52	-0.199943
105	52	-0.0224223
106	52	-0.0250361
107	52	-0.0167256
108	52	-0.00878321
49	53	0.463919
50	53	0.463567
51	53	-0.0223836
52	53	0.000133488
53	53	0.285708
54	53	-0.000405722
55	53	-0.307432
56	53	0.010566
57	53	-0.000328766
58	53	0.0207419
59	53	-0.0391753
60	53	0.0380908
97	53	0.00785497
98	53	-0.306924
99	53	-0.00100333
100	53	-0.020109
101	53	-0.0380116
102	53	-0.0379646
103	53	-0.0099573
104	53	-0.16048
105	53	-0.00921865
106	53	-0.0156716
107	53	-0.0172711
108	53	-0.0134383
49	54	-0.347918
50	54	0.340199
51	54	-0.000124837
52	54	-0.0441538
53	54	-0.000405722
54	54	0.254992
55	54	-0.225012
56	54	0.000812077
57	54	0.000113266
58	54	0.00300491
59	54	-0.0145842
60	54	0.0284226
97	54	0.000146799
98	54	0.232627
99	54	-9.47599e-05
100	54	0.00345073
101	54	0.0145555
102	54	0.028366
103	54	-0.00117006
104	54	-0.116791
105	54	-0.00236097
106	54	-0.00819992
107	54	-0.0132475
108	54	-0.0131947
1	55	-0.416214
2	55	-0.261925
3	55	-0.12153
4	55	0.0316413
5	55	0.0103196
6	55	-0.000632046
49	55	-0.698828
50	55	-3.966
51	55	-0.448735
52	55	-0.423964
53	55	-0.307432
54	55	-0.225012
55	55	9.25538
56	55	1.93242
57	55	1.03135
58	55	-0.805705
59	55	0.642807
60	55	-0.514877
61	55	-4.15773
62	55	-0.712317
63	55	-0.458286
64	55	0.436569
65	55	-0.321608
66	55	0.240159
1	56	-3.99527
2	56	-0.696875
3	56	-0.44855
4	56	0.423853
5	56	-0.308641
6	56	0.228667
49	56	-0.263576
50	56	-0.414271
51	56	-0.121569
52	56	-0.0311728
53	56	0.010566
54	56	0.000812077
55	56	1.93242
56	56	9.29982
57	56	1.03178
58	56	0.806197
59	56	0.644979
60	56	0.514549
61	56	-0.432431
62	56	-0.272552
63	56	-0.125302
64	56	0.0326171
65	56	0.00922804
66	56	-0.000242354
1	57	-0.320684
2	57	-0.158328
3	57	-0.079623
4	57	0.032568
5	57	-0.000324568
6	57	-0.000104001
49	57	-0.158398
50	57	-0.320798
51	57	-0.0796564
52	57	-0.0325881
53	57	-0.000328766
54	57	0.000113266
55	57	1.03135
56	57	1.03178
57	57	0.347034
58	57	5.48174e-05
59	57	-0.00479634
60	57	4.23078e-06
61	57	-0.333331
62	57	-0.16286
63	57	-0.0819
64	57	0.0339114
65	57	-0.00108145
66	57	0.000212478
1	58	-0.387711
2	58	-0.097475
3	58	-0.0647923
4	58	0.0553516
5	58	-0.0207688
6	58	0.00303067
49	58	0.0975034
50	58	0.387735
51	58	0.0648264
52	58	0.0553858
53	58	0.0207419
54	58	0.00300491
55	58	-0.805705
56	58	0.806197
57	58	5.48174e-05
58	58	0.347324
59	58	6.12789e-05
60	58	-0.0279344
61	58	0.404191
62	58	0.0988457
63	58	0.0663017
64	58	-0.0576651
65	58	0.0223702
66	58	-0.00375433
1	59	-0.319094
2	59	-0.0025085
3	59	-0.0205765
4	59	0.0496042
5	59	-0.039248
6	59	0.0148451
49	59	-0.00269764
50	59	-0.317862
51	59	-0.0205958
52	59	-0.049636
53	59	-0.0391753
54	59	-0.0145842
55	59	0.642807
56	59	0.644979
57	59	-0.00479634
58	59	6.12789e-05
59	59	0.324249
60	59	0.000114195
61	59	-0.334608
62	59	-0.00169001
63	59	-0.020803
64	59	0.0513358
65	59	-0.0413112
66	59	0.0162351
1	60	-0.254036
2	60	0.0138315
3	60	-0.000706623
4	60	0.0252376
5	60	-0.0384463
6	60	0.0287029
49	60	-0.0137483
50	60	0.253117
51	60	0.000717951
52	60	0.0252606
53	60	0.0380908
54	60	0.0284226
55	60	-0.514877
56	60	0.514549
57	60	4.23078e-06
58	60	-0.0279344
59	60	0.000114195
60	60	0.309888
61	60	0.267039
62	60	-0.0142471
63	60	0.000470319
64	60	-0.0257524
65	60	0.0399599
66	60	-0.0302948
1	61	-0.0622892
2	61	-0.212654
3	61	-0.0367539
4	61	-0.0304954
5	61	-0.0110594
6	61	0.000208384
55	61	-4.15773
56	61	-0.432431
57	61	-0.333331
58	61	0.404191
59	61	-0.334608
60	61	0.267039
61	61	6.58245
62	61	1.4938
63	61	0.818947
64	61	-0.642078
65	61	0.479106
66	61	-0.35848
67	61	-1.81635
68	61	-0.218279
69	61	-0.164281
70	61	0.198722
71	61	-0.162177
72	61	0.117102
73	61	-0.270784
74	61	-0.710529
75	61	-0.16279
76	61	-0.0987807
77	61	-0.00150111
78	61	0.0141913
1	62	-0.216635
2	62	-1.79501
3	62	-0.164201
4	62	-0.198174
5	62	-0.161712
6	62	-0.116034
55	62	-0.712317
56	62	-0.272552
57	62	-0.16286
58	62	0.0988457
59	62	-0.00169001
60	62	-0.0142471
61	62	1.4938
62	62	6.57219
63	62	0.819182
64	62	0.64233
65	62	0.478761
66	62	0.358319
67	62	-0.211074
68	62	-0.0642241
69	62	-0.0367605
70	62	0.0299994
71	62	-0.0113054
72	62	-0.000360042
73	62	-0.430324
74	62	-4.16559
75	62	-0.333231
76	62	-0.403638
77	62	-0.334631
78	62	-0.265043
1	63	-0.0370009
2	63	-0.160561
3	63	-0.0249814
4	63	-0.0223434
5	63	-0.00957493
6	63	-0.00249331
55	63	-0.458286
56	63	-0.125302
57	63	-0.0819
58	63	0.0663017
59	63	-0.020803
60	63	0.000470319
61	63	0.818947
62	63	0.819182
63	63	0.290327
64	63	5.49599e-05
65	63	-0.0213462
66	63	4.85176e-06
67	63	-0.160494
68	63	-0.0369631
69	63	-0.0249809
70	63	0.022342
71	63	-0.00958356
72	63	0.00247029
73	63	-0.125292
74	63	-0.458082
75	63	-0.0818666
76	63	-0.0662676
77	63	-0.0207844
78	63	-0.000457294
1	64	-0.0310203
2	64	-0.195638
3	64	-0.0227032
4	64	-0.024532
5	64	-0.01573
6	64	-0.00849584
55	64	0.436569
56	64	0.0326171
57	64	0.0339114
58	64	-0.0576651
59	64	0.0513358
60	64	-0.0257524
61	64	-0.642078
62	64	0.64233
63	64	5.49599e-05
64	64	0.296882
65	64	3.47568e-05
66	64	-0.0426796
67	64	0.195388
68	64	0.0311954
69	64	0.0227046
70	64	-0.0245435
71	64	0.0157979
72	64	-0.00827426
73	64	-0.0327701
74	64	-0.436019
75	64	-0.0338885
76	64	-0.0576253
77	64	-0.0513054
78	64	-0.0256147
1	65	-0.0113922
2	65	-0.161576
3	65	-0.0101201
4	65	-0.0161863
5	65	-0.0171018
6	65	-0.0136805
55	65	-0.321608
56	65	0.00922804
57	65	-0.00108145
58	65	0.0223702
59	65	-0.0413112
60	65	0.0399599
61	65	0.479106
62	65	0.478761
63	65	-0.0213462
64	65	3.47568e-05
65	65	0.289263
66	65	0.000615498
67	65	-0.161851
68	65	-0.0119906
69	65	-0.0101198
70	65	0.0162036
71	65	-0.0170724
72	65	0.0133765
73	65	0.00983626
74	65	-0.321297
75	65	-0.00108022
76	65	-0.0223536
77	65	-0.0412018
78	65	-0.039658
1	66	-0.000285706
2	66	-0.11699
3	66	-0.00287702
4	66	-0.00890428
5	66	-0.0139354
6	66	-0.0140189
55	66	0.240159
56	66	-0.000242354
57	66	0.000212478
58	66	-0.00375433
59	66	0.0162351
60	66	-0.0302948
61	66	-0.35848
62	66	0.358319
63	66	4.85176e-06
64	66	-0.0426796
65	66	0.000615498
66	66	0.260036
67	66	0.121007
68	66	-5.61608e-05
69	66	0.00290923
70	66	-0.00916829
71	66	0.0138955
72	66	-0.0143353
73	66	0.000580632
74	66	-0.243959
75	66	-0.000221838
76	66	-0.00372425
77	66	-0.0163488
78	66	-0.0302498
61	67	-1.81635
62	67	-0.211074
63	67	-0.160494
64	67	0.195388
65	67	-0.161851
66	67	0.121007
67	67	6.40398
68	67	1.46188
69	67	0.802972
70	67	-0.628377
71	67	0.463919
72	67	-0.347918
73	67	-0.698828
74	67	-0.263576
75	67	-0.158398
76	67	0.0975034
77	67	-0.00269764
78	67	-0.0137483
109	67	-0.414441
110	67	-4.00029
111	67	-0.312249
112	67	-0.386237
113	67	-0.322929
114	67	-0.257793
115	67	-0.0479582
116	67	-0.225068
117	67	-0.0383353
118	67	-0.0327107
119	67	-0.011383
120	67	-0.00218653
61	68	-0.218279
62	68	-0.0642241
63	68	-0.0369631
64	68	0.0311954
65	68	-0.0119906
66	68	-5.61608e-05
67	68	1.46188
68	68	6.36566
69	68	0.804178
70	68	0.630449
71	68	0.463567
72	68	0.340199
73	68	-3.966
74	68	-0.414271
75	68	-0.320798
76	68	0.387735
77	68	-0.317862
78	68	0.253117
109	68	-0.251079
110	68	-0.691692
111	68	-0.151784
112	68	-0.101393
113	68	-0.00752205
114	68	0.0168066
115	68	-0.205793
116	68	-1.83504
117	68	-0.161945
118	68	-0.198646
119	68	-0.163196
120	68	-0.115331
61	69	-0.164281
62	69	-0.0367605
63	69	-0.0249809
64	69	0.0227046
65	69	-0.0101198
66	69	0.00290923
67	69	0.802972
68	69	0.804178
69	69	0.286096
70	69	0.000377448
71	69	-0.0223836
72	69	-0.000124837
73	69	-0.448735
74	69	-0.121569
75	69	-0.0796564
76	69	0.0648264
77	69	-0.0205958
78	69	0.00071795
109	69	-0.113947
110	69	-0.443912
111	69	-0.0765302
112	69	-0.0655269
113	69	-0.0224043
114	69	-0.000593932
115	69	-0.0374481
116	69	-0.168418
117	69	-0.0257237
118	69	-0.0236693
119	69	-0.010419
120	69	-0.00258726
61	70	0.198722
62	70	0.0299994
63	70	0.022342
64	70	-0.0245435
65	70	0.0162036
66	70	-0.00916829
67	70	-0.628377
68	70	0.630449
69	70	0.000377448
70	70	0.29326
71	70	0.000133487
72	70	-0.0441538
73	70	-0.423964
74	70	-0.0311728
75	70	-0.0325881
76	70	0.0553858
77	70	-0.049636
78	70	0.0252606
109	70	0.0318998
110	70	0.42093
111	70	0.0321779
112	70	0.0538643
113	70	0.0493468
114	70	0.0264631
115	70	-0.029805
116	70	-0.199943
117	70	-0.0224223
118	70	-0.0250361
119	70	-0.0167256
120	70	-0.00878321
61	71	-0.162177
62	71	-0.0113054
63	71	-0.00958356
64	71	0.0157979
65	71	-0.0170724
66	71	0.0138955
67	71	0.463919
68	71	0.463567
69	71	-0.0223836
70	71	0.000133487
71	71	0.285708
72	71	-0.000405721
73	71	-0.307432
74	71	0.010566
75	71	-0.000328766
76	71	0.0207419
77	71	-0.0391753
78	71	0.0380908
109	71	0.00785497
110	71	-0.306924
111	71	-0.00100333
112	71	-0.020109
113	71	-0.0380116
114	71	-0.0379646
115	71	-0.0099573
116	71	-0.16048
117	71	-0.00921865
118	71	-0.0156716
119	71	-0.0172711
120	71	-0.0134383
61	72	0.117102
62	72	-0.000360042
63	72	0.00247029
64	72	-0.00827426
65	72	0.0133765
66	72	-0.0143353
67	72	-0.347918
68	72	0.340199
69	72	-0.000124837
70	72	-0.0441538
71	72	-0.000405721
72	72	0.254992
73	72	-0.225012
74	72	0.000812077
75	72	0.000113266
76	72	0.00300491
77	72	-0.0145842
78	72	0.0284226
109	72	0.000146798
110	72	0.232627
111	72	-9.47601e-05
112	72	0.00345073
113	72	0.0145555
114	72	0.028366
115	72	-0.00117006
116	72	-0.116791
117	72	-0.00236097
118	72	-0.00819993
119	72	-0.0132475
120	72	-0.0131947
19	73	-0.416214
20	73	-0.261925
21	73	-0.12153
22	73	0.0316413
23	73	0.0103196
24	73	-0.000632045
61	73	-0.270784
62	73	-0.430324
63	73	-0.125292
64	73	-0.0327701
65	73	0.00983626
66	73	0.000580632
67	73	-0.698828
68	73	-3.966
69	73	-0.448735
70	73	-0.423964
71	73	-0.307432
72	73	-0.225012
73	73	9.25538
74	73	1.93242
75	73	1.03135
76	73	-0.805705
77	73	0.642807
78	73	-0.514877
79	73	-4.15773
80	73	-0.712317
81	73	-0.458286
82	73	0.436568
83	73	-0.321608
84	73	0.240159
19	74	-3.99527
20	74	-0.696875
21	74	-0.44855
22	74	0.423853
23	74	-0.308641
24	74	0.228667
61	74	-0.710529
62	74	-4.16559
63	74	-0.458082
64	74	-0.436019
65	74	-0.321297
66	74	-0.243959
67	74	-0.263576
68	74	-0.414271
69	74	-0.121569
70	74	-0.0311728
71	74	0.010566
72	74	0.000812077
73	74	1.93242
74	74	9.29982
75	74	1.03178
76	74	0.806197
77	74	0.644979
78	74	0.514549
79	74	-0.432431
80	74	-0.272552
81	74	-0.125302
82	74	0.0326171
83	74	0.00922804
84	74	-0.000242354
19	75	-0.320684
20	75	-0.158328
21	75	-0.079623
22	75	0.032568
23	75	-0.000324568
24	75	-0.000104001
61	75	-0.16279
62	75	-0.333231
63	75	-0.0818666
64	75	-0.0338885
65	75	-0.00108022
66	75	-0.000221838
67	75	-0.158398
68	75	-0.320798
69	75	-0.0796564
70	75	-0.0325881
71	75	-0.000328766
72	75	0.000113266
73	75	1.03135
74	75	1.03178
75	75	0.347034
76	75	5.48156e-05
77	75	-0.00479634
78	75	4.23204e-06
79	75	-0.333331
80	75	-0.16286
81	75	-0.0819
82	75	0.0339114
83	75	-0.00108145
84	75	0.000212477
19	76	-0.387711
20	76	-0.097475
21	76	-0.0647923
22	76	0.0553516
23	76	-0.0207688
24	76	0.00303067
61	76	-0.0987807
62	76	-0.403638
63	76	-0.0662676
64	76	-0.0576253
65	76	-0.0223536
66	76	-0.00372425
67	76	0.0975034
68	76	0.387735
69	76	0.0648264
70	76	0.0553858
71	76	0.0207419
72	76	0.00300491
73	76	-0.805705
74	76	0.806197
75	76	5.48156e-05
76	76	0.347324
77	76	6.1279e-05
78	76	-0.0279344
79	76	0.404191
80	76	0.0988457
81	76	0.0663017
82	76	-0.0576651
83	76	0.0223702
84	76	-0.00375433
19	77	-0.319094
20	77	-0.0025085
21	77	-0.0205765
22	77	0.0496042
23	77	-0.039248
24	77	0.0148451
61	77	-0.00150111
62	77	-0.334631
63	77	-0.0207844
64	77	-0.0513054
65	77	-0.0412018
66	77	-0.0163488
67	77	-0.00269764
68	77	-0.317862
69	77	-0.0205958
70	77	-0.049636
71	77	-0.0391753
72	77	-0.0145842
73	77	0.642807
74	77	0.644979
75	77	-0.00479634
76	77	6.1279e-05
77	77	0.324249
78	77	0.000114196
79	77	-0.334608
80	77	-0.00169001
81	77	-0.020803
82	77	0.0513358
83	77	-0.0413112
84	77	0.0162351
19	78	-0.254036
20	78	0.0138315
21	78	-0.000706624
22	78	0.0252376
23	78	-0.0384463
24	78	0.0287029
61	78	0.0141913
62	78	-0.265043
63	78	-0.000457294
64	78	-0.0256147
65	78	-0.039658
66	78	-0.0302498
67	78	-0.0137483
68	78	0.253117
69	78	0.00071795
70	78	0.0252606
71	78	0.0380908
72	78	0.0284226
73	78	-0.514877
74	78	0.514549
75	78	4.23204e-06
76	78	-0.0279344
77	78	0.000114196
78	78	0.309888
79	78	0.267039
80	78	-0.0142471
81	78	0.000470318
82	78	-0.0257524
83	78	0.0399599
84	78	-0.0302948
19	79	-0.0622892
20	79	-0.212654
21	79	-0.0367539
22	79	-0.0304954
23	79	-0.0110594
24	79	0.000208384
73	79	-4.15773
74	79	-0.432431
75	79	-0.333331
76	79	0.404191
77	79	-0.334608
78	79	0.267039
79	79	6.58245
80	79	1.4938
81	79	0.818947
82	79	-0.642078
83	79	0.479106
84	79	-0.35848
85	79	-1.81635
86	79	-0.218279
87	79	-0.164281
88	79	0.198722
89	79	-0.162177
90	79	0.117102
91	79	-0.270784
92	79	-0.710529
93	79	-0.16279
94	79	-0.0987807
95	79	-0.00150112
96	79	0.0141913
19	80	-0.216635
20	80	-1.79501
21	80	-0.164201
22	80	-0.198174
23	80	-0.161712
24	80	-0.116034
73	80	-0.712317
74	80	-0.272552
75	80	-0.16286
76	80	0.0988457
77	80	-0.00169001
78	80	-0.0142471
79	80	1.4938
80	80	6.57219
81	80	0.819182
82	80	0.64233
83	80	0.478761
84	80	0.358319
85	80	-0.211074
86	80	-0.0642241
87	80	-0.0367605
88	80	0.0299994
89	80	-0.0113054
90	80	-0.000360042
91	80	-0.430324
92	80	-4.16559
93	80	-0.333231
94	80	-0.403638
95	80	-0.334631
96	80	-0.265043
19	81	-0.0370009
20	81	-0.160561
21	81	-0.0249814
22	81	-0.0223434
23	81	-0.00957493
24	81	-0.00249331
73	81	-0.458286
74	81	-0.125302
75	81	-0.0819
76	81	0.0663017
77	81	-0.020803
78	81	0.000470318
79	81	0.818947
80	81	0.819182
81	81	0.290327
82	81	5.49617e-05
83	81	-0.0213462
84	81	4.85212e-06
85	81	-0.160494
86	81	-0.0369631
87	81	-0.0249809
88	81	0.022342
89	81	-0.00958356
90	81	0.00247029
91	81	-0.125292
92	81	-0.458082
93	81	-0.0818666
94	81	-0.0662676
95	81	-0.0207844
96	81	-0.000457295
19	82	-0.0310203
20	82	-0.195638
21	82	-0.0227032
22	82	-0.024532
23	82	-0.01573
24	82	-0.00849584
73	82	0.436568
74	82	0.0326171
75	82	0.0339114
76	82	-0.0576651
77	82	0.0513358
78	82	-0.0257524
79	82	-0.642078
80	82	0.64233
81	82	5.49617e-05
82	82	0.296882
83	82	3.47587e-05
84	82	-0.0426796
85	82	0.195388
86	82	0.0311954
87	82	0.0227046
88	82	-0.0245435
89	82	0.0157979
90	82	-0.00827426
91	82	-0.0327701
92	82	-0.436019
93	82	-0.0338885
94	82	-0.0576253
95	82	-0.0513054
96	82	-0.0256147
19	83	-0.0113922
20	83	-0.161576
21	83	-0.0101201
22	83	-0.0161863
23	83	-0.0171018
24	83	-0.0136805
73	83	-0.321608
74	83	0.00922804
75	83	-0.00108145
76	83	0.0223702
77	83	-0.0413112
78	83	0.0399599
79	83	0.479106
80	83	0.478761
81	83	-0.0213462
82	83	3.47587e-05
83	83	0.289263
84	83	0.000615499
85	83	-0.161851
86	83	-0.0119906
87	83	-0.0101198
88	83	0.0162036
89	83	-0.0170724
90	83	0.0133765
91	83	0.00983626
92	83	-0.321297
93	83	-0.00108022
94	83	-0.0223536
95	83	-0.0412018
96	83	-0.039658
19	84	-0.000285706
20	84	-0.11699
21	84	-0.00287702
22	84	-0.00890428
23	84	-0.0139354
24	84	-0.0140189
73	84	0.240159
74	84	-0.000242354
75	84	0.000212477
76	84	-0.00375433
77	84	0.0162351
78	84	-0.0302948
79	84	-0.35848
80	84	0.358319
81	84	4.85212e-06
82	84	-0.0426796
83	84	0.000615499
84	84	0.260036
85	84	0.121007
86	84	-5.61604e-05
87	84	0.00290923
88	84	-0.00916829
89	84	0.0138955
90	84	-0.0143353
91	84	0.000580631
92	84	-0.243959
93	84	-0.000221838
94	84	-0.00372425
95	84	-0.0163488
96	84	-0.0302498
79	85	-1.81635
80	85	-0.211074
81	85	-0.160494
82	85	0.195388
83	85	-0.161851
84	85	0.121007
85	85	6.40398
86	85	1.46188
87	85	0.802972
88	85	-0.628377
89	85	0.463919
90	85	-0.347918
91	85	-0.698828
92	85	-0.263576
93	85	-0.158398
94	85	0.0975034
95	85	-0.00269764
96	85	-0.0137483
121	85	-0.414441
122	85	-4.00029
123	85	-0.312249
124	85	-0.386237
125	85	-0.322929
126	85	-0.257793
79	86	-0.218279
80	86	-0.0642241
81	86	-0.0369631
82	86	0.0311954
83	86	-0.0119906
84	86	-5.61604e-05
85	86	1.46188
86	86	6.36566
87	86	0.804178
88	86	0.630449
89	86	0.463567
90	86	0.340199
91	86	-3.966
92	86	-0.414271
93	86	-0.320798
94	86	0.387735
95	86	-0.317862
96	86	0.253117
121	86	-0.251079
122	86	-0.691692
123	86	-0.151784
124	86	-0.101393
125	86	-0.00752205
126	86	0.0168066
79	87	-0.164281
80	87	-0.0367605
81	87	-0.0249809
82	87	0.0227046
83	87	-0.0101198
84	87	0.00290923
85	87	0.802972
86	87	0.804178
87	87	0.286096
88	87	0.000377447
89	87	-0.0223836
90	87	-0.000124838
91	87	-0.448735
92	87	-0.121569
93	87	-0.0796564
94	87	0.0648264
95	87	-0.0205958
96	87	0.00071795
121	87	-0.113947
122	87	-0.443912
123	87	-0.0765302
124	87	-0.0655269
125	87	-0.0224043
126	87	-0.000593932
79	88	0.198722
80	88	0.0299994
81	88	0.022342
82	88	-0.0245435
83	88	0.0162036
84	88	-0.00916829
85	88	-0.628377
86	88	0.630449
87	88	0.000377447
88	88	0.29326
89	88	0.000133486
90	88	-0.0441538
91	88	-0.423964
92	88	-0.0311728
93	88	-0.0325881
94	88	0.0553858
95	88	-0.049636
96	88	0.0252606
121	88	0.0318998
122	88	0.42093
123	88	0.0321779
124	88	0.0538643
125	88	0.0493468
126	88	0.0264631
79	89	-0.162177
80	89	-0.0113054
81	89	-0.00958356
82	89	0.0157979
83	89	-0.0170724
84	89	0.0138955
85	89	0.463919
86	89	0.463567
87	89	-0.0223836
88	89	0.000133486
89	89	0.285708
90	89	-0.000405721
91	89	-0.307432
92	89	0.010566
93	89	-0.000328766
94	89	0.0207419
95	89	-0.0391753
96	89	0.0380908
121	89	0.00785497
122	89	-0.306924
123	89	-0.00100333
124	89	-0.020109
125	89	-0.0380116
126	89	-0.0379646
79	90	0.117102
80	90	-0.000360042
81	90	0.00247029
82	90	-0.00827426
83	90	0.0133765
84	90	-0.0143353
85	90	-0.347918
86	90	0.340199
87	90	-0.000124838
88	90	-0.0441538
89	90	-0.000405721
90	90	0.254992
91	90	-0.225012
92	90	0.000812076
93	90	0.000113266
94	90	0.00300491
95	90	-0.0145842
96	90	0.0284226
121	90	0.000146799
122	90	0.232627
123	90	-9.47604e-05
124	90	0.00345073
125	90	0.0145555
126	90	0.028366
37	91	-0.416214
38	91	-0.261925
39	91	-0.12153
40	91	0.0316413
41	91	0.0103196
42	91	-0.000632046
79	91	-0.270784
80	91	-0.430324
81	91	-0.125292
82	91	-0.0327701
83	91	0.00983626
84	91	0.000580631
85	91	-0.698828
86	91	-3.966
87	91	-0.448735
88	91	-0.423964
89	91	-0.307432
90	91	-0.225012
91	91	9.25538
92	91	1.93242
93	91	1.03135
94	91	-0.805705
95	91	0.642807
96	91	-0.514877
37	92	-3.99527
38	92	-0.696875
39	92	-0.44855
40	92	0.423853
41	92	-0.308641
42	92	0.228667
79	92	-0.710529
80	92	-4.16559
81	92	-0.458082
82	92	-0.436019
83	92	-0.321297
84	92	-0.243959
85	92	-0.263576
86	92	-0.414271
87	92	-0.121569
88	92	-0.0311728
89	92	0.010566
90	92	0.000812076
91	92	1.93242
92	92	9.29982
93	92	1.03178
94	92	0.806197
95	92	0.644979
96	92	0.514549
37	93	-0.320684
38	93	-0.158328
39	93	-0.079623
40	93	0.032568
41	93	-0.000324569
42	93	-0.000104002
79	93	-0.16279
80	93	-0.333231
81	93	-0.0818666
82	93	-0.0338885
83	93	-0.00108022
84	93	-0.000221838
85	93	-0.158398
86	93	-0.320798
87	93	-0.0796564
88	93	-0.0325881
89	93	-0.000328766
90	93	0.000113266
91	93	1.03135
92	93	1.03178
93	93	0.347034
94	93	5.48166e-05
95	93	-0.00479634
96	93	4.23188e-06
37	94	-0.387711
38	94	-0.097475
39	94	-0.0647923
40	94	0.0553516
41	94	-0.0207688
42	94	0.00303067
79	94	-0.0987807
80	94	-0.403638
81	94	-0.0662676
82	94	-0.0576253
83	94	-0.0223536
84	94	-0.00372425
85	94	0.0975034
86	94	0.387735
87	94	0.0648264
88	94	0.0553858
89	94	0.0207419
90	94	0.00300491
91	94	-0.805705
92	94	0.806197
93	94	5.48166e-05
94	94	0.347324
95	94	6.12796e-05
96	94	-0.0279344
37	95	-0.319094
38	95	-0.0025085
39	95	-0.0205765
40	95	0.0496042
41	95	-0.039248
42	95	0.0148451
79	95	-0.00150112
80	95	-0.334631
81	95	-0.0207844
82	95	-0.0513054
83	95	-0.0412018
84	95	-0.0163488
85	95	-0.00269764
86	95	-0.317862
87	95	-0.0205958
88	95	-0.049636
89	95	-0.0391753
90	95	-0.0145842
91	95	0.642807
92	95	0.644979
93	95	-0.00479634
94	95	6.12796e-05
95	95	0.324249
96	95	0.000114197
37	96	-0.254036
38	96	0.0138315
39	96	-0.000706624
40	96	0.0252376
41	96	-0.0384463
42	96	0.0287029
79	96	0.0141913
80	96	-0.265043
81	96	-0.000457295
82	96	-0.0256147
83	96	-0.039658
84	96	-0.0302498
85	96	-0.0137483
86	96	0.253117
87	96	0.00071795
88	96	0.0252606
89	96	0.0380908
90	96	0.0284226
91	96	-0.514877
92	96	0.514549
93	96	4.23188e-06
94	96	-0.0279344
95	96	0.000114197
96	96	0.309888
49	97	-0.414441
50	97	-0.251079
51	97	-0.113947
52	97	0.0318998
53	97	0.00785497
54	97	0.000146799
97	97	9.42135
98	97	1.97589
99	97	1.0479
100	97	-0.828425
101	97	0.66888
102	97	-0.537251
103	97	-5.05394
104	97	-0.778031
105	97	-0.521947
106	97	0.523361
107	97	-0.406415
108	97	0.310104
49	98	-4.00029
50	98	-0.691692
51	98	-0.443912
52	98	0.42093
53	98	-0.306924
54	98	0.232627
97	98	1.97589
98	98	9.35931
99	98	1.03871
100	98	0.807697
101	98	0.649655
102	98	0.510047
103	98	-0.560612
104	98	-0.314674
105	98	-0.151005
106	98	0.046462
107	98	0.00841281
108	98	0.0021969
49	99	-0.312249
50	99	-0.151784
51	99	-0.0765302
52	99	0.0321779
53	99	-0.00100333
54	99	-9.47599e-05
97	99	1.0479
98	99	1.03871
99	99	0.349775
100	99	-0.00101431
101	99	-0.00326376
102	99	-0.000948301
103	99	-0.417753
104	99	-0.186024
105	99	-0.0973075
106	99	0.0459106
107	99	-0.00445097
108	99	0.000549494
49	100	-0.386237
50	100	-0.101393
51	100	-0.0655269
