210	210	4250
1	1	5.76102
2	1	1.46031
3	1	0.804412
4	1	-0.632226
5	1	0.444656
6	1	-0.689179
7	1	-0.247618
8	1	-0.151342
9	1	0.101087
10	1	-0.00765562
46	1	-0.43129
47	1	-3.58234
48	1	-0.320581
49	1	-0.387647
50	1	-0.321808
51	1	-0.0469267
52	1	-0.217611
53	1	-0.036795
54	1	-0.0318433
55	1	-0.0101774
1	2	1.46031
2	2	5.70206
3	2	0.801811
4	2	0.625381
5	2	0.436386
6	2	-3.54156
7	2	-0.396113
8	2	-0.312002
9	2	0.384009
10	2	-0.319792
46	2	-0.265521
47	2	-0.697935
48	2	-0.158396
49	2	-0.0974763
50	2	-0.00293167
51	2	-0.209025
52	2	-1.58064
53	2	-0.160533
54	2	-0.195554
55	2	-0.154399
1	3	0.804412
2	3	0.801811
3	3	0.285973
4	3	-0.000472827
5	3	-0.0228098
6	3	-0.443482
7	3	-0.11422
8	3	-0.0765654
9	3	0.065586
10	3	-0.0224239
46	3	-0.121669
47	3	-0.448644
48	3	-0.0796221
49	3	-0.0647943
50	3	-0.0205648
51	3	-0.0366141
52	3	-0.164086
53	3	-0.0249917
54	3	-0.0227579
55	3	-0.0103067
1	4	-0.632226
2	4	0.625381
3	4	-0.000472827
4	4	0.291879
5	4	0.000335616
6	4	-0.419249
7	4	-0.0322027
8	4	-0.0321998
9	4	0.0538447
10	4	-0.0488195
46	4	0.0320959
47	4	0.424629
48	4	0.0325727
49	4	0.0553239
50	4	0.0496808
51	4	-0.0309448
52	4	-0.1979
53	4	-0.0223846
54	4	-0.0248854
55	4	-0.0178378
1	5	0.444656
2	5	0.436386
3	5	-0.0228098
4	5	0.000335616
5	5	0.263838
6	5	-0.286962
7	5	0.00877118
8	5	-0.000911151
9	5	0.0194179
10	5	-0.0377173
46	5	0.00786314
47	5	-0.296747
48	5	-0.000323364
49	5	-0.0206375
50	5	-0.0401268
51	5	-0.00854812
52	5	-0.155101
53	5	-0.00977946
54	5	-0.0175749
55	5	-0.0190981
1	6	-0.689179
2	6	-3.54156
3	6	-0.443482
4	6	-0.419249
5	6	-0.286962
6	6	8.463
7	6	1.96087
8	6	1.03831
9	6	-0.805852
10	6	0.637546
11	6	-3.83007
12	6	-0.770499
13	6	-0.485203
14	6	0.44461
15	6	-0.30774
1	7	-0.247618
2	7	-0.396113
3	7	-0.11422
4	7	-0.0322027
5	7	0.00877118
6	7	1.96087
7	7	8.62588
8	7	1.04805
9	7	0.83074
10	7	0.67028
11	7	-0.492388
12	7	-0.358696
13	7	-0.152673
14	7	0.0266831
15	7	0.0120863
1	8	-0.151342
2	8	-0.312002
3	8	-0.0765654
4	8	-0.0321998
5	8	-0.000911151
6	8	1.03831
7	8	1.04805
8	8	0.349694
9	8	0.00108145
10	8	-0.00318452
11	8	-0.361611
12	8	-0.194409
13	8	-0.0936711
14	8	0.0331016
15	8	0.00112786
1	9	0.101087
2	9	0.384009
3	9	0.065586
4	9	0.0538447
5	9	0.0194179
6	9	-0.805852
7	9	0.83074
8	9	0.00108145
9	9	0.350782
10	9	0.00284261
11	9	0.41375
12	9	0.0909413
13	9	0.0664072
14	9	-0.0627839
15	9	0.0228102
1	10	-0.00765562
2	10	-0.319792
3	10	-0.0224239
4	10	-0.0488195
5	10	-0.0377173
6	10	0.637546
7	10	0.67028
8	10	-0.00318452
9	10	0.00284261
10	10	0.322643
11	10	-0.322953
12	10	0.00965682
13	10	-0.0163215
14	10	0.0545316
15	10	-0.0445464
6	11	-3.83007
7	11	-0.492388
8	11	-0.361611
9	11	0.41375
10	11	-0.322953
11	11	6.05836
12	11	1.61187
13	11	0.855938
14	11	-0.640806
15	11	0.462626
16	11	-1.61379
17	11	-0.224803
18	11	-0.168561
19	11	0.200538
20	11	-0.152105
21	11	-0.317077
22	11	-0.781305
23	11	-0.186466
24	11	-0.105939
25	11	0.00534521
6	12	-0.770499
7	12	-0.358696
8	12	-0.194409
9	12	0.0909413
10	12	0.00965682
11	12	1.61187
12	12	6.81598
13	12	0.900039
14	12	0.727023
15	12	0.547649
16	12	-0.207358
17	12	-0.0665935
18	12	-0.0372165
19	12	0.0300515
20	12	-0.0107108
21	12	-0.542717
22	12	-4.59247
23	12	-0.417555
24	12	-0.505688
25	12	-0.417104
6	13	-0.485203
7	13	-0.152673
8	13	-0.0936711
9	13	0.0664072
10	13	-0.0163215
11	13	0.855938
12	13	0.900039
13	13	0.307406
14	13	0.00743069
15	13	-0.0185811
16	13	-0.161783
17	13	-0.0386483
18	13	-0.0257428
19	13	0.0225033
20	13	-0.0094504
21	13	-0.150653
22	13	-0.522084
23	13	-0.0972703
24	13	-0.0757203
25	13	-0.0205468
6	14	0.44461
7	14	0.0266831
8	14	0.0331016
9	14	-0.0627839
10	14	0.0545316
11	14	-0.640806
12	14	0.727023
13	14	0.00743069
14	14	0.308524
15	14	0.0084479
16	14	0.198008
17	14	0.0345457
18	14	0.0237729
19	14	-0.0256688
20	14	0.016997
21	14	-0.0481903
22	14	-0.52382
23	14	-0.0458816
24	14	-0.0735203
25	14	-0.06049
6	15	-0.30774
7	15	0.0120863
8	15	0.00112786
9	15	0.0228102
10	15	-0.0445464
11	15	0.462626
12	15	0.547649
13	15	-0.0185811
14	15	0.0084479
15	15	0.283486
16	15	-0.155758
17	15	-0.0110637
18	15	-0.010606
19	15	0.0183584
20	15	-0.0184277
21	15	0.00789226
22	15	-0.401706
23	15	-0.00440426
24	15	-0.0330363
25	15	-0.0556175
11	16	-1.61379
12	16	-0.207358
13	16	-0.161783
14	16	0.198008
15	16	-0.155758
16	16	5.76102
17	16	1.46031
18	16	0.804412
19	16	-0.632226
20	16	0.444656
21	16	-0.689179
22	16	-0.247618
23	16	-0.151342
24	16	0.101087
25	16	-0.00765562
61	16	-0.43129
62	16	-3.58234
63	16	-0.320581
64	16	-0.387647
65	16	-0.321808
66	16	-0.0469267
67	16	-0.217611
68	16	-0.036795
69	16	-0.0318433
70	16	-0.0101774
11	17	-0.224803
12	17	-0.0665935
13	17	-0.0386483
14	17	0.0345457
15	17	-0.0110637
16	17	1.46031
17	17	5.70206
18	17	0.801811
19	17	0.625381
20	17	0.436386
21	17	-3.54156
22	17	-0.396113
23	17	-0.312002
24	17	0.384009
25	17	-0.319792
61	17	-0.265521
62	17	-0.697935
63	17	-0.158396
64	17	-0.0974763
65	17	-0.00293167
66	17	-0.209025
67	17	-1.58064
68	17	-0.160533
69	17	-0.195554
70	17	-0.154399
11	18	-0.168561
12	18	-0.0372165
13	18	-0.0257428
14	18	0.0237729
15	18	-0.010606
16	18	0.804412
17	18	0.801811
18	18	0.285973
19	18	-0.000472827
20	18	-0.0228098
21	18	-0.443482
22	18	-0.11422
23	18	-0.0765654
24	18	0.065586
25	18	-0.0224239
61	18	-0.121669
62	18	-0.448644
63	18	-0.0796221
64	18	-0.0647943
65	18	-0.0205648
66	18	-0.0366141
67	18	-0.164086
68	18	-0.0249917
69	18	-0.0227579
70	18	-0.0103067
11	19	0.200538
12	19	0.0300515
13	19	0.0225033
14	19	-0.0256688
15	19	0.0183584
16	19	-0.632226
17	19	0.625381
18	19	-0.000472827
19	19	0.291879
20	19	0.000335615
21	19	-0.419249
22	19	-0.0322027
23	19	-0.0321998
24	19	0.0538447
25	19	-0.0488195
61	19	0.0320959
62	19	0.424629
63	19	0.0325727
64	19	0.0553239
65	19	0.0496808
66	19	-0.0309448
67	19	-0.1979
68	19	-0.0223846
69	19	-0.0248854
70	19	-0.0178378
11	20	-0.152105
12	20	-0.0107108
13	20	-0.0094504
14	20	0.016997
15	20	-0.0184277
16	20	0.444656
17	20	0.436386
18	20	-0.0228098
19	20	0.000335615
20	20	0.263838
21	20	-0.286962
22	20	0.00877118
23	20	-0.000911151
24	20	0.0194179
25	20	-0.0377173
61	20	0.00786315
62	20	-0.296747
63	20	-0.000323364
64	20	-0.0206375
65	20	-0.0401268
66	20	-0.00854812
67	20	-0.155101
68	20	-0.00977946
69	20	-0.0175749
70	20	-0.0190981
11	21	-0.317077
12	21	-0.542717
13	21	-0.150653
14	21	-0.0481903
15	21	0.00789226
16	21	-0.689179
17	21	-3.54156
18	21	-0.443482
19	21	-0.419249
20	21	-0.286962
21	21	8.463
22	21	1.96087
23	21	1.03831
24	21	-0.805852
25	21	0.637546
26	21	-3.83007
27	21	-0.770499
28	21	-0.485203
29	21	0.44461
30	21	-0.307741
11	22	-0.781305
12	22	-4.59247
13	22	-0.522084
14	22	-0.52382
15	22	-0.401706
16	22	-0.247618
17	22	-0.396113
18	22	-0.11422
19	22	-0.0322027
20	22	0.00877118
21	22	1.96087
22	22	8.62588
23	22	1.04805
24	22	0.83074
25	22	0.67028
26	22	-0.492388
27	22	-0.358696
28	22	-0.152673
29	22	0.0266831
30	22	0.0120863
11	23	-0.186466
12	23	-0.417555
13	23	-0.0972703
14	23	-0.0458816
15	23	-0.00440426
16	23	-0.151342
17	23	-0.312002
18	23	-0.0765654
19	23	-0.0321998
20	23	-0.000911151
21	23	1.03831
22	23	1.04805
23	23	0.349694
24	23	0.00108145
25	23	-0.00318451
26	23	-0.361611
27	23	-0.194409
28	23	-0.0936711
29	23	0.0331016
30	23	0.00112786
11	24	-0.105939
12	24	-0.505688
13	24	-0.0757203
14	24	-0.0735203
15	24	-0.0330363
16	24	0.101087
17	24	0.384009
18	24	0.065586
19	24	0.0538447
20	24	0.0194179
21	24	-0.805852
22	24	0.83074
23	24	0.00108145
24	24	0.350782
25	24	0.00284261
26	24	0.41375
27	24	0.0909413
28	24	0.0664072
29	24	-0.0627839
30	24	0.0228102
11	25	0.00534521
12	25	-0.417104
13	25	-0.0205468
14	25	-0.06049
15	25	-0.0556175
16	25	-0.00765562
17	25	-0.319792
18	25	-0.0224239
19	25	-0.0488195
20	25	-0.0377173
21	25	0.637546
22	25	0.67028
23	25	-0.00318451
24	25	0.00284261
25	25	0.322643
26	25	-0.322953
27	25	0.00965681
28	25	-0.0163215
29	25	0.0545316
30	25	-0.0445464
21	26	-3.83007
22	26	-0.492388
23	26	-0.361611
24	26	0.41375
25	26	-0.322953
26	26	6.05836
27	26	1.61187
28	26	0.855938
29	26	-0.640806
30	26	0.462626
31	26	-1.61379
32	26	-0.224803
33	26	-0.168561
34	26	0.200538
35	26	-0.152105
36	26	-0.317077
37	26	-0.781305
38	26	-0.186466
39	26	-0.105939
40	26	0.00534521
21	27	-0.770499
22	27	-0.358696
23	27	-0.194409
24	27	0.0909413
25	27	0.00965681
26	27	1.61187
27	27	6.81598
28	27	0.900039
29	27	0.727023
30	27	0.547649
31	27	-0.207358
32	27	-0.0665935
33	27	-0.0372165
34	27	0.0300515
35	27	-0.0107108
36	27	-0.542717
37	27	-4.59247
38	27	-0.417555
39	27	-0.505688
40	27	-0.417104
21	28	-0.485203
22	28	-0.152673
23	28	-0.0936711
24	28	0.0664072
25	28	-0.0163215
26	28	0.855938
27	28	0.900039
28	28	0.307406
29	28	0.00743069
30	28	-0.0185811
31	28	-0.161783
32	28	-0.0386483
33	28	-0.0257428
34	28	0.0225033
35	28	-0.0094504
36	28	-0.150653
37	28	-0.522084
38	28	-0.0972703
39	28	-0.0757203
40	28	-0.0205468
21	29	0.44461
22	29	0.0266831
23	29	0.0331016
24	29	-0.0627839
25	29	0.0545316
26	29	-0.640806
27	29	0.727023
28	29	0.00743069
29	29	0.308524
30	29	0.00844789
31	29	0.198008
32	29	0.0345457
33	29	0.0237729
34	29	-0.0256688
35	29	0.016997
36	29	-0.0481903
37	29	-0.52382
38	29	-0.0458816
39	29	-0.0735203
40	29	-0.06049
21	30	-0.307741
22	30	0.0120863
23	30	0.00112786
24	30	0.0228102
25	30	-0.0445464
26	30	0.462626
27	30	0.547649
28	30	-0.0185811
29	30	0.00844789
30	30	0.283486
31	30	-0.155758
32	30	-0.0110637
33	30	-0.010606
34	30	0.0183584
35	30	-0.0184277
36	30	0.00789226
37	30	-0.401706
38	30	-0.00440426
39	30	-0.0330363
40	30	-0.0556175
26	31	-1.61379
27	31	-0.207358
28	31	-0.161783
29	31	0.198008
30	31	-0.155758
31	31	5.76102
32	31	1.46031
33	31	0.804412
34	31	-0.632226
35	31	0.444656
36	31	-0.689179
37	31	-0.247618
38	31	-0.151342
39	31	0.101087
40	31	-0.00765562
76	31	-0.43129
77	31	-3.58234
78	31	-0.320581
79	31	-0.387647
80	31	-0.321808
26	32	-0.224803
27	32	-0.0665935
28	32	-0.0386483
29	32	0.0345457
30	32	-0.0110637
31	32	1.46031
32	32	5.70206
33	32	0.801811
34	32	0.625381
35	32	0.436386
36	32	-3.54156
37	32	-0.396113
38	32	-0.312002
39	32	0.384009
40	32	-0.319792
76	32	-0.265521
77	32	-0.697935
78	32	-0.158396
79	32	-0.0974763
80	32	-0.00293167
26	33	-0.168561
27	33	-0.0372165
28	33	-0.0257428
29	33	0.0237729
30	33	-0.010606
31	33	0.804412
32	33	0.801811
33	33	0.285973
34	33	-0.000472827
35	33	-0.0228098
36	33	-0.443482
37	33	-0.11422
38	33	-0.0765654
39	33	0.065586
40	33	-0.0224239
76	33	-0.121669
77	33	-0.448644
78	33	-0.0796221
79	33	-0.0647943
80	33	-0.0205648
26	34	0.200538
27	34	0.0300515
28	34	0.0225033
29	34	-0.0256688
30	34	0.0183584
31	34	-0.632226
32	34	0.625381
33	34	-0.000472827
34	34	0.291879
35	34	0.000335616
36	34	-0.419249
37	34	-0.0322027
38	34	-0.0321998
39	34	0.0538447
40	34	-0.0488195
76	34	0.0320959
77	34	0.424629
78	34	0.0325727
79	34	0.0553239
80	34	0.0496808
26	35	-0.152105
27	35	-0.0107108
28	35	-0.0094504
29	35	0.016997
30	35	-0.0184277
31	35	0.444656
32	35	0.436386
33	35	-0.0228098
34	35	0.000335616
35	35	0.263838
36	35	-0.286962
37	35	0.00877118
38	35	-0.000911152
39	35	0.0194179
40	35	-0.0377173
76	35	0.00786314
77	35	-0.296747
78	35	-0.000323365
79	35	-0.0206375
80	35	-0.0401268
26	36	-0.317077
27	36	-0.542717
28	36	-0.150653
29	36	-0.0481903
30	36	0.00789226
31	36	-0.689179
32	36	-3.54156
33	36	-0.443482
34	36	-0.419249
35	36	-0.286962
36	36	8.463
37	36	1.96087
38	36	1.03831
39	36	-0.805852
40	36	0.637546
26	37	-0.781305
27	37	-4.59247
28	37	-0.522084
29	37	-0.52382
30	37	-0.401706
31	37	-0.247618
32	37	-0.396113
33	37	-0.11422
34	37	-0.0322027
35	37	0.00877118
36	37	1.96087
37	37	8.62588
38	37	1.04805
39	37	0.83074
40	37	0.67028
26	38	-0.186466
27	38	-0.417555
28	38	-0.0972703
29	38	-0.0458816
30	38	-0.00440426
31	38	-0.151342
32	38	-0.312002
33	38	-0.0765654
34	38	-0.0321998
35	38	-0.000911152
36	38	1.03831
37	38	1.04805
38	38	0.349694
39	38	0.00108145
40	38	-0.00318451
26	39	-0.105939
27	39	-0.505688
28	39	-0.0757203
29	39	-0.0735203
30	39	-0.0330363
31	39	0.101087
32	39	0.384009
33	39	0.065586
34	39	0.0538447
35	39	0.0194179
36	39	-0.805852
37	39	0.83074
38	39	0.00108145
39	39	0.350782
40	39	0.00284261
26	40	0.00534521
27	40	-0.417104
28	40	-0.0205468
29	40	-0.06049
30	40	-0.0556175
31	40	-0.00765562
32	40	-0.319792
33	40	-0.0224239
34	40	-0.0488195
35	40	-0.0377173
36	40	0.637546
37	40	0.67028
38	40	-0.00318451
39	40	0.00284261
40	40	0.322643
41	41	5.78693
42	41	1.45661
43	41	0.803295
44	41	-0.627837
45	41	0.450576
46	41	-0.69485
47	41	-0.263337
48	41	-0.1584
49	41	0.0973094
50	41	-0.00221393
81	41	-0.396637
82	41	-3.59318
83	41	-0.312083
84	41	-0.387118
85	41	-0.327861
86	41	-0.066117
87	41	-0.223779
88	41	-0.0384745
89	41	-0.0333778
90	41	-0.0122476
41	42	1.45661
42	42	5.7388
43	42	0.8039
44	42	0.629612
45	42	0.443672
46	42	-3.55225
47	42	-0.435801
48	42	-0.320528
49	42	0.386264
50	42	-0.320452
81	42	-0.228135
82	42	-0.68532
83	42	-0.150708
84	42	-0.101226
85	42	-0.00479691
86	42	-0.224395
87	42	-1.62734
88	42	-0.162112
89	42	-0.198649
90	42	-0.155746
41	43	0.803295
42	43	0.8039
43	43	0.286068
44	43	0.000366884
45	43	-0.0227703
46	43	-0.448631
47	43	-0.121869
48	43	-0.0796561
49	43	0.0648307
50	43	-0.0206158
81	43	-0.113458
82	43	-0.444118
83	43	-0.0765259
84	43	-0.0655466
85	43	-0.0223654
86	43	-0.0379073
87	43	-0.168192
88	43	-0.0257377
89	43	-0.0237362
90	43	-0.0106405
41	44	-0.627837
42	44	0.629612
43	44	0.000366884
44	44	0.291979
45	44	-0.000111472
46	44	-0.42358
47	44	-0.0331457
48	44	-0.0325776
49	44	0.0553304
50	44	-0.0494882
81	44	0.0351541
82	44	0.420141
83	44	0.0322053
84	44	0.0537615
85	44	0.0494159
86	44	-0.0328633
87	44	-0.199469
88	44	-0.0225076
89	44	-0.025557
90	44	-0.0180529
41	45	0.450576
42	45	0.443672
43	45	-0.0227703
44	45	-0.000111472
45	45	0.266338
46	45	-0.292884
47	45	0.00764452
48	45	-0.000287135
49	45	0.0204377
50	45	-0.0395402
81	45	0.00996341
82	45	-0.299403
83	45	-0.000838861
84	45	-0.0199546
85	45	-0.0389429
86	45	-0.0114966
87	45	-0.155582
88	45	-0.00946321
89	45	-0.0171992
90	45	-0.0187006
1	46	-0.43129
2	46	-0.265521
3	46	-0.121669
4	46	0.0320959
5	46	0.00786314
41	46	-0.69485
42	46	-3.55225
43	46	-0.448631
44	46	-0.42358
45	46	-0.292884
46	46	8.41198
47	46	1.96975
48	46	1.03151
49	46	-0.805456
50	46	0.648692
51	46	-3.72292
52	46	-0.708881
53	46	-0.458559
54	46	0.436973
55	46	-0.30843
1	47	-3.58234
2	47	-0.697935
3	47	-0.448644
4	47	0.424629
5	47	-0.296747
41	47	-0.263337
42	47	-0.435801
43	47	-0.121869
44	47	-0.0331457
45	47	0.00764452
46	47	1.96975
47	47	8.4561
48	47	1.03139
49	47	0.807145
50	47	0.648491
51	47	-0.448031
52	47	-0.271486
53	47	-0.125507
54	47	0.0334466
55	47	0.0080079
1	48	-0.320581
2	48	-0.158396
3	48	-0.0796221
4	48	0.0325727
5	48	-0.000323364
41	48	-0.1584
42	48	-0.320528
43	48	-0.0796561
44	48	-0.0325776
45	48	-0.000287135
46	48	1.03151
47	48	1.03139
48	48	0.347035
49	48	2.17582e-05
50	48	-0.00479917
51	48	-0.333425
52	48	-0.16279
53	48	-0.0818996
54	48	0.0339187
55	48	-0.00108402
1	49	-0.387647
2	49	-0.0974763
3	49	-0.0647943
4	49	0.0553239
5	49	-0.0206375
41	49	0.0973094
42	49	0.386264
43	49	0.0648307
44	49	0.0553304
45	49	0.0204377
46	49	-0.805456
47	49	0.807145
48	49	2.17582e-05
49	49	0.347306
50	49	0.000200777
51	49	0.404755
52	49	0.0988448
53	49	0.0663006
54	49	-0.0576911
55	49	0.0223845
1	50	-0.321808
2	50	-0.00293167
3	50	-0.0205648
4	50	0.0496808
5	50	-0.0401268
41	50	-0.00221393
42	50	-0.320452
43	50	-0.0206158
44	50	-0.0494882
45	50	-0.0395402
46	50	0.648692
47	50	0.648491
48	50	-0.00479917
49	50	0.000200777
50	50	0.321835
51	50	-0.337229
52	50	-0.00127038
53	50	-0.0208333
54	50	0.051637
55	50	-0.0418587
1	51	-0.0469267
2	51	-0.209025
3	51	-0.0366141
4	51	-0.0309448
5	51	-0.00854812
46	51	-3.72292
47	51	-0.448031
48	51	-0.333425
49	51	0.404755
50	51	-0.337229
51	51	5.93763
52	51	1.49051
53	51	0.819239
54	51	-0.642991
55	51	0.462983
56	51	-1.60643
57	51	-0.214726
58	51	-0.164433
59	51	0.198885
60	51	-0.156175
61	51	-0.274625
62	51	-0.710726
63	51	-0.162788
64	51	-0.0985854
65	51	-0.00199052
1	52	-0.217611
2	52	-1.58064
3	52	-0.164086
4	52	-0.1979
5	52	-0.155101
46	52	-0.708881
47	52	-0.271486
48	52	-0.16279
49	52	0.0988448
50	52	-0.00127038
51	52	1.49051
52	52	5.92504
53	52	0.819261
54	52	0.642194
55	52	0.462693
56	52	-0.211334
57	52	-0.0428783
58	52	-0.0364596
59	52	0.0319778
60	52	-0.00837391
61	52	-0.451806
62	52	-3.73512
63	52	-0.332942
64	52	-0.404653
65	52	-0.33532
1	53	-0.036795
2	53	-0.160533
3	53	-0.0249917
4	53	-0.0223846
5	53	-0.00977946
46	53	-0.458559
47	53	-0.125507
48	53	-0.0818996
49	53	0.0663006
50	53	-0.0208333
51	53	0.819239
52	53	0.819261
53	53	0.290305
54	53	5.08291e-05
55	53	-0.0216554
56	53	-0.160523
57	53	-0.0369735
58	53	-0.0249924
59	53	0.0224039
60	53	-0.00978953
61	53	-0.125282
62	53	-0.458245
63	53	-0.0818665
64	53	-0.0662636
65	53	-0.020776
1	54	-0.0318433
2	54	-0.195554
3	54	-0.0227579
4	54	-0.0248854
5	54	-0.0175749
46	54	0.436973
47	54	0.0334466
48	54	0.0339187
49	54	-0.0576911
50	54	0.051637
51	54	-0.642991
52	54	0.642194
53	54	5.08291e-05
54	54	0.295981
55	54	0.000498851
56	54	0.195953
57	54	0.0316994
58	54	0.0227684
59	54	-0.0250006
60	54	0.0172758
61	54	-0.0332559
62	54	-0.436139
63	54	-0.0338828
64	54	-0.0576199
65	54	-0.0511828
1	55	-0.0101774
2	55	-0.154399
3	55	-0.0103067
4	55	-0.0178378
5	55	-0.0190981
46	55	-0.30843
47	55	0.0080079
48	55	-0.00108402
49	55	0.0223845
50	55	-0.0418587
51	55	0.462983
52	55	0.462693
53	55	-0.0216554
54	55	0.000498851
55	55	0.271643
56	55	-0.159091
57	55	-0.00850785
58	55	-0.010389
59	55	0.0182763
60	55	-0.019108
61	55	0.0063022
62	55	-0.312708
63	55	-0.00103743
64	55	-0.0223489
65	55	-0.0419397
51	56	-1.60643
52	56	-0.211334
53	56	-0.160523
54	56	0.195953
55	56	-0.159091
56	56	5.78693
57	56	1.45661
58	56	0.803295
59	56	-0.627837
60	56	0.450576
61	56	-0.69485
62	56	-0.263337
63	56	-0.1584
64	56	0.0973094
65	56	-0.00221392
91	56	-0.396637
92	56	-3.59318
93	56	-0.312083
94	56	-0.387118
95	56	-0.327861
96	56	-0.066117
97	56	-0.223779
98	56	-0.0384745
99	56	-0.0333778
100	56	-0.0122476
51	57	-0.214726
52	57	-0.0428783
53	57	-0.0369735
54	57	0.0316994
55	57	-0.00850785
56	57	1.45661
57	57	5.7388
58	57	0.8039
59	57	0.629612
60	57	0.443672
61	57	-3.55225
62	57	-0.435801
63	57	-0.320528
64	57	0.386264
65	57	-0.320452
91	57	-0.228135
92	57	-0.68532
93	57	-0.150708
94	57	-0.101226
95	57	-0.00479691
96	57	-0.224395
97	57	-1.62734
98	57	-0.162112
99	57	-0.198649
100	57	-0.155746
51	58	-0.164433
52	58	-0.0364596
53	58	-0.0249924
54	58	0.0227684
55	58	-0.010389
56	58	0.803295
57	58	0.8039
58	58	0.286068
59	58	0.000366884
60	58	-0.0227703
61	58	-0.448631
62	58	-0.121869
63	58	-0.0796561
64	58	0.0648307
65	58	-0.0206158
91	58	-0.113458
92	58	-0.444118
93	58	-0.0765259
94	58	-0.0655466
95	58	-0.0223654
96	58	-0.0379073
97	58	-0.168192
98	58	-0.0257377
99	58	-0.0237362
100	58	-0.0106405
51	59	0.198885
52	59	0.0319778
53	59	0.0224039
54	59	-0.0250006
55	59	0.0182763
56	59	-0.627837
57	59	0.629612
58	59	0.000366884
59	59	0.291979
60	59	-0.000111471
61	59	-0.42358
62	59	-0.0331457
63	59	-0.0325776
64	59	0.0553304
65	59	-0.0494882
91	59	0.0351541
92	59	0.420141
93	59	0.0322053
94	59	0.0537615
95	59	0.0494159
96	59	-0.0328633
97	59	-0.199469
98	59	-0.0225076
99	59	-0.025557
100	59	-0.0180529
51	60	-0.156175
52	60	-0.00837391
53	60	-0.00978953
54	60	0.0172758
55	60	-0.019108
56	60	0.450576
57	60	0.443672
58	60	-0.0227703
59	60	-0.000111471
60	60	0.266338
61	60	-0.292884
62	60	0.00764452
63	60	-0.000287135
64	60	0.0204377
65	60	-0.0395402
91	60	0.00996341
92	60	-0.299403
93	60	-0.00083886
94	60	-0.0199546
95	60	-0.0389429
96	60	-0.0114966
97	60	-0.155582
98	60	-0.00946321
99	60	-0.0171992
100	60	-0.0187006
16	61	-0.43129
17	61	-0.265521
18	61	-0.121669
19	61	0.0320959
20	61	0.00786315
51	61	-0.274625
52	61	-0.451806
53	61	-0.125282
54	61	-0.0332559
55	61	0.0063022
56	61	-0.69485
57	61	-3.55225
58	61	-0.448631
59	61	-0.42358
60	61	-0.292884
61	61	8.41198
62	61	1.96975
63	61	1.03151
64	61	-0.805456
65	61	0.648692
66	61	-3.72292
67	61	-0.708881
68	61	-0.458559
69	61	0.436973
70	61	-0.30843
16	62	-3.58234
17	62	-0.697935
18	62	-0.448644
19	62	0.424629
20	62	-0.296747
51	62	-0.710726
52	62	-3.73512
53	62	-0.458245
54	62	-0.436139
55	62	-0.312708
56	62	-0.263337
57	62	-0.435801
58	62	-0.121869
59	62	-0.0331457
60	62	0.00764452
61	62	1.96975
62	62	8.4561
63	62	1.03139
64	62	0.807145
65	62	0.648491
66	62	-0.448031
67	62	-0.271486
68	62	-0.125507
69	62	0.0334466
70	62	0.0080079
16	63	-0.320581
17	63	-0.158396
18	63	-0.0796221
19	63	0.0325727
20	63	-0.000323364
51	63	-0.162788
52	63	-0.332942
53	63	-0.0818665
54	63	-0.0338828
55	63	-0.00103743
56	63	-0.1584
57	63	-0.320528
58	63	-0.0796561
59	63	-0.0325776
60	63	-0.000287135
61	63	1.03151
62	63	1.03139
63	63	0.347035
64	63	2.17564e-05
65	63	-0.00479917
66	63	-0.333425
67	63	-0.16279
68	63	-0.0818996
69	63	0.0339187
70	63	-0.00108401
16	64	-0.387647
17	64	-0.0974763
18	64	-0.0647943
19	64	0.0553239
20	64	-0.0206375
51	64	-0.0985854
52	64	-0.404653
53	64	-0.0662636
54	64	-0.0576199
55	64	-0.0223489
56	64	0.0973094
57	64	0.386264
58	64	0.0648307
59	64	0.0553304
60	64	0.0204377
61	64	-0.805456
62	64	0.807145
63	64	2.17564e-05
64	64	0.347306
65	64	0.000200778
66	64	0.404755
67	64	0.0988448
68	64	0.0663006
69	64	-0.0576911
70	64	0.0223845
16	65	-0.321808
17	65	-0.00293167
18	65	-0.0205648
19	65	0.0496808
20	65	-0.0401268
51	65	-0.00199052
52	65	-0.33532
53	65	-0.020776
54	65	-0.0511828
55	65	-0.0419397
56	65	-0.00221392
57	65	-0.320452
58	65	-0.0206158
59	65	-0.0494882
60	65	-0.0395402
61	65	0.648692
62	65	0.648491
63	65	-0.00479917
64	65	0.000200778
65	65	0.321835
66	65	-0.337229
67	65	-0.00127037
68	65	-0.0208333
69	65	0.051637
70	65	-0.0418587
16	66	-0.0469267
17	66	-0.209025
18	66	-0.0366141
19	66	-0.0309448
20	66	-0.00854812
61	66	-3.72292
62	66	-0.448031
63	66	-0.333425
64	66	0.404755
65	66	-0.337229
66	66	5.93763
67	66	1.49051
68	66	0.819239
69	66	-0.642991
70	66	0.462983
71	66	-1.60643
72	66	-0.214726
73	66	-0.164433
74	66	0.198885
75	66	-0.156175
76	66	-0.274625
77	66	-0.710726
78	66	-0.162788
79	66	-0.0985854
80	66	-0.00199052
16	67	-0.217611
17	67	-1.58064
18	67	-0.164086
19	67	-0.1979
20	67	-0.155101
61	67	-0.708881
62	67	-0.271486
63	67	-0.16279
64	67	0.0988448
65	67	-0.00127037
66	67	1.49051
67	67	5.92504
68	67	0.819261
69	67	0.642194
70	67	0.462693
71	67	-0.211334
72	67	-0.0428783
73	67	-0.0364596
74	67	0.0319778
75	67	-0.00837391
76	67	-0.451806
77	67	-3.73512
78	67	-0.332942
79	67	-0.404653
80	67	-0.33532
16	68	-0.036795
17	68	-0.160533
18	68	-0.0249917
19	68	-0.0223846
20	68	-0.00977946
61	68	-0.458559
62	68	-0.125507
63	68	-0.0818996
64	68	0.0663006
65	68	-0.0208333
66	68	0.819239
67	68	0.819261
68	68	0.290305
69	68	5.0831e-05
70	68	-0.0216554
71	68	-0.160523
72	68	-0.0369735
73	68	-0.0249924
74	68	0.0224039
75	68	-0.00978953
76	68	-0.125282
77	68	-0.458245
78	68	-0.0818665
79	68	-0.0662636
80	68	-0.0207761
16	69	-0.0318433
17	69	-0.195554
18	69	-0.0227579
19	69	-0.0248854
20	69	-0.0175749
61	69	0.436973
62	69	0.0334466
63	69	0.0339187
64	69	-0.0576911
65	69	0.051637
66	69	-0.642991
67	69	0.642194
68	69	5.0831e-05
69	69	0.295981
70	69	0.000498853
71	69	0.195953
72	69	0.0316994
73	69	0.0227684
74	69	-0.0250006
75	69	0.0172758
76	69	-0.0332559
77	69	-0.436139
78	69	-0.0338828
79	69	-0.0576199
80	69	-0.0511828
16	70	-0.0101774
17	70	-0.154399
18	70	-0.0103067
19	70	-0.0178378
20	70	-0.0190981
61	70	-0.30843
62	70	0.0080079
63	70	-0.00108401
64	70	0.0223845
65	70	-0.0418587
66	70	0.462983
67	70	0.462693
68	70	-0.0216554
69	70	0.000498853
70	70	0.271643
71	70	-0.159091
72	70	-0.00850785
73	70	-0.010389
74	70	0.0182763
75	70	-0.019108
76	70	0.0063022
77	70	-0.312708
78	70	-0.00103743
79	70	-0.0223489
80	70	-0.0419397
66	71	-1.60643
67	71	-0.211334
68	71	-0.160523
69	71	0.195953
70	71	-0.159091
71	71	5.78693
72	71	1.45661
73	71	0.803295
74	71	-0.627837
75	71	0.450576
76	71	-0.69485
77	71	-0.263337
78	71	-0.1584
79	71	0.0973094
80	71	-0.00221392
101	71	-0.396637
102	71	-3.59318
103	71	-0.312083
104	71	-0.387118
105	71	-0.327861
66	72	-0.214726
67	72	-0.0428783
68	72	-0.0369735
69	72	0.0316994
70	72	-0.00850785
71	72	1.45661
72	72	5.7388
73	72	0.8039
74	72	0.629612
75	72	0.443672
76	72	-3.55225
77	72	-0.435801
78	72	-0.320528
79	72	0.386264
80	72	-0.320452
101	72	-0.228135
102	72	-0.68532
103	72	-0.150708
104	72	-0.101226
105	72	-0.00479691
66	73	-0.164433
67	73	-0.0364596
68	73	-0.0249924
69	73	0.0227684
70	73	-0.010389
71	73	0.803295
72	73	0.8039
73	73	0.286068
74	73	0.000366883
75	73	-0.0227703
76	73	-0.448631
77	73	-0.121869
78	73	-0.0796561
79	73	0.0648307
80	73	-0.0206158
101	73	-0.113458
102	73	-0.444118
103	73	-0.0765259
104	73	-0.0655466
105	73	-0.0223654
66	74	0.198885
67	74	0.0319778
68	74	0.0224039
69	74	-0.0250006
70	74	0.0182763
71	74	-0.627837
72	74	0.629612
73	74	0.000366883
74	74	0.291979
75	74	-0.000111471
76	74	-0.42358
77	74	-0.0331457
78	74	-0.0325776
79	74	0.0553304
80	74	-0.0494882
101	74	0.0351541
102	74	0.420141
103	74	0.0322053
104	74	0.0537615
105	74	0.0494159
66	75	-0.156175
67	75	-0.00837391
68	75	-0.00978953
69	75	0.0172758
70	75	-0.019108
71	75	0.450576
72	75	0.443672
73	75	-0.0227703
74	75	-0.000111471
75	75	0.266338
76	75	-0.292884
77	75	0.00764452
78	75	-0.000287135
79	75	0.0204377
80	75	-0.0395402
101	75	0.00996341
102	75	-0.299403
103	75	-0.00083886
104	75	-0.0199546
105	75	-0.0389429
31	76	-0.43129
32	76	-0.265521
33	76	-0.121669
34	76	0.0320959
35	76	0.00786314
66	76	-0.274625
67	76	-0.451806
68	76	-0.125282
69	76	-0.0332559
70	76	0.0063022
71	76	-0.69485
72	76	-3.55225
73	76	-0.448631
74	76	-0.42358
75	76	-0.292884
76	76	8.41198
77	76	1.96975
78	76	1.03151
79	76	-0.805456
80	76	0.648692
31	77	-3.58234
32	77	-0.697935
33	77	-0.448644
34	77	0.424629
35	77	-0.296747
66	77	-0.710726
67	77	-3.73512
68	77	-0.458245
69	77	-0.436139
70	77	-0.312708
71	77	-0.263337
72	77	-0.435801
73	77	-0.121869
74	77	-0.0331457
75	77	0.00764452
76	77	1.96975
77	77	8.4561
78	77	1.03139
79	77	0.807145
80	77	0.648491
31	78	-0.320581
32	78	-0.158396
33	78	-0.0796221
34	78	0.0325727
35	78	-0.000323365
66	78	-0.162788
67	78	-0.332942
68	78	-0.0818665
69	78	-0.0338828
70	78	-0.00103743
71	78	-0.1584
72	78	-0.320528
73	78	-0.0796561
74	78	-0.0325776
75	78	-0.000287135
76	78	1.03151
77	78	1.03139
78	78	0.347035
79	78	2.17574e-05
80	78	-0.00479917
31	79	-0.387647
32	79	-0.0974763
33	79	-0.0647943
34	79	0.0553239
35	79	-0.0206375
66	79	-0.0985854
67	79	-0.404653
68	79	-0.0662636
69	79	-0.0576199
70	79	-0.0223489
71	79	0.0973094
72	79	0.386264
73	79	0.0648307
74	79	0.0553304
75	79	0.0204377
76	79	-0.805456
77	79	0.807145
78	79	2.17574e-05
79	79	0.347306
80	79	0.000200779
31	80	-0.321808
32	80	-0.00293167
33	80	-0.0205648
34	80	0.0496808
35	80	-0.0401268
66	80	-0.00199052
67	80	-0.33532
68	80	-0.0207761
69	80	-0.0511828
70	80	-0.0419397
71	80	-0.00221392
72	80	-0.320452
73	80	-0.0206158
74	80	-0.0494882
75	80	-0.0395402
76	80	0.648692
77	80	0.648491
78	80	-0.00479917
79	80	0.000200779
80	80	0.321835
41	81	-0.396637
42	81	-0.228135
43	81	-0.113458
44	81	0.0351541
45	81	0.00996341
81	81	8.52768
82	81	1.97606
83	81	1.04787
84	81	-0.827063
85	81	0.674408
86	81	-4.50237
87	81	-0.800544
88	81	-0.520881
89	81	0.528096
90	81	-0.394432
41	82	-3.59318
42	82	-0.68532
43	82	-0.444118
44	82	0.420141
45	82	-0.299403
81	82	1.97606
82	82	8.52326
83	82	1.03821
84	82	0.810723
85	82	0.648108
86	82	-0.542505
87	82	-0.320686
88	82	-0.150881
89	82	0.0469544
90	82	0.00866888
41	83	-0.312083
42	83	-0.150708
43	83	-0.0765259
44	83	0.0322053
45	83	-0.000838861
81	83	1.04787
82	83	1.03821
83	83	0.349771
84	83	-0.0010223
85	83	-0.00330372
86	83	-0.417582
87	83	-0.187098
88	83	-0.0972958
89	83	0.045929
90	83	-0.00452842
41	84	-0.387118
42	84	-0.101226
43	84	-0.0655466
44	84	0.0537615
45	84	-0.0199546
81	84	-0.827063
82	84	0.810723
83	84	-0.0010223
84	84	0.350635
85	84	-0.00214772
86	84	0.503097
87	84	0.106154
88	84	0.075717
89	84	-0.0735971
90	84	0.0326382
41	85	-0.327861
42	85	-0.00479691
43	85	-0.0223654
44	85	0.0494159
45	85	-0.0389429
81	85	0.674408
82	85	0.648108
83	85	-0.00330372
84	85	-0.00214772
85	85	0.324295
86	85	-0.415758
87	85	0.00251692
88	85	-0.0205015
89	85	0.0606229
90	85	-0.0556099
41	86	-0.066117
42	86	-0.224395
43	86	-0.0379073
44	86	-0.0328633
45	86	-0.0114966
81	86	-4.50237
82	86	-0.542505
83	86	-0.417582
84	86	0.503097
85	86	-0.415758
86	86	6.77923
87	86	1.63552
88	86	0.898223
89	86	-0.73025
90	86	0.551398
91	86	-0.35546
92	86	-0.775048
93	86	-0.193885
94	86	-0.0908098
95	86	0.0105292
41	87	-0.223779
42	87	-1.62734
43	87	-0.168192
44	87	-0.199469
45	87	-0.155582
81	87	-0.800544
82	87	-0.320686
83	87	-0.187098
84	87	0.106154
85	87	0.00251692
86	87	1.63552
87	87	6.08107
88	87	0.855788
89	87	0.641374
90	87	0.468197
91	87	-0.506963
92	87	-3.8379
93	87	-0.361017
94	87	-0.415144
95	87	-0.325384
41	88	-0.0384745
42	88	-0.162112
43	88	-0.0257377
44	88	-0.0225076
45	88	-0.00946321
81	88	-0.520881
82	88	-0.150881
83	88	-0.0972958
84	88	0.075717
85	88	-0.0205015
86	88	0.898223
87	88	0.855788
88	88	0.307348
89	88	-0.00727741
90	88	-0.0187823
91	88	-0.152104
92	88	-0.484467
93	88	-0.0936289
94	88	-0.0663714
95	88	-0.0161927
41	89	-0.0333778
42	89	-0.198649
43	89	-0.0237362
44	89	-0.025557
45	89	-0.0171992
81	89	0.528096
82	89	0.0469544
83	89	0.045929
84	89	-0.0735971
85	89	0.0606229
86	89	-0.73025
87	89	0.641374
88	89	-0.00727741
89	89	0.308821
90	89	-0.00809477
91	89	-0.0263942
92	89	-0.443923
93	89	-0.0330756
94	89	-0.0626361
95	89	-0.0538244
41	90	-0.0122476
42	90	-0.155746
43	90	-0.0106405
44	90	-0.0180529
45	90	-0.0187006
81	90	-0.394432
82	90	0.00866888
83	90	-0.00452842
84	90	0.0326382
85	90	-0.0556099
86	90	0.551398
87	90	0.468197
88	90	-0.0187823
89	90	-0.00809477
90	90	0.283016
91	90	0.0102808
92	90	-0.312898
93	90	0.00132014
94	90	-0.0228491
95	90	-0.0447252
56	91	-0.396637
57	91	-0.228135
58	91	-0.113458
59	91	0.0351541
60	91	0.00996341
86	91	-0.35546
87	91	-0.506963
88	91	-0.152104
89	91	-0.0263942
90	91	0.0102808
91	91	8.52768
92	91	1.97606
93	91	1.04787
94	91	-0.827063
95	91	0.674408
96	91	-4.50237
97	91	-0.800544
98	91	-0.520881
99	91	0.528096
100	91	-0.394432
56	92	-3.59318
57	92	-0.68532
58	92	-0.444118
59	92	0.420141
60	92	-0.299403
86	92	-0.775048
87	92	-3.8379
88	92	-0.484467
89	92	-0.443923
90	92	-0.312898
91	92	1.97606
92	92	8.52326
93	92	1.03821
94	92	0.810723
95	92	0.648108
96	92	-0.542505
97	92	-0.320686
98	92	-0.150881
99	92	0.0469544
100	92	0.00866888
56	93	-0.312083
57	93	-0.150708
58	93	-0.0765259
59	93	0.0322053
60	93	-0.00083886
86	93	-0.193885
87	93	-0.361017
88	93	-0.0936289
89	93	-0.0330756
90	93	0.00132014
91	93	1.04787
92	93	1.03821
93	93	0.349771
94	93	-0.0010223
95	93	-0.00330372
96	93	-0.417582
97	93	-0.187098
98	93	-0.0972958
99	93	0.045929
100	93	-0.00452842
56	94	-0.387118
57	94	-0.101226
58	94	-0.0655466
59	94	0.0537615
60	94	-0.0199546
86	94	-0.0908098
87	94	-0.415144
88	94	-0.0663714
89	94	-0.0626361
90	94	-0.0228491
91	94	-0.827063
92	94	0.810723
93	94	-0.0010223
94	94	0.350635
95	94	-0.00214772
96	94	0.503097
97	94	0.106154
98	94	0.075717
99	94	-0.0735971
100	94	0.0326382
56	95	-0.327861
57	95	-0.00479691
58	95	-0.0223654
59	95	0.0494159
60	95	-0.0389429
86	95	0.0105292
87	95	-0.325384
88	95	-0.0161927
89	95	-0.0538244
90	95	-0.0447252
91	95	0.674408
92	95	0.648108
93	95	-0.00330372
94	95	-0.00214772
95	95	0.324295
96	95	-0.415758
97	95	0.00251692
98	95	-0.0205015
99	95	0.0606229
100	95	-0.0556099
56	96	-0.066117
57	96	-0.224395
58	96	-0.0379073
59	96	-0.0328633
60	96	-0.0114966
91	96	-4.50237
92	96	-0.542505
93	96	-0.417582
94	96	0.503097
95	96	-0.415758
96	96	6.77923
97	96	1.63552
98	96	0.898223
99	96	-0.73025
100	96	0.551398
101	96	-0.35546
102	96	-0.775048
103	96	-0.193885
104	96	-0.0908098
105	96	0.0105292
56	97	-0.223779
57	97	-1.62734
58	97	-0.168192
59	97	-0.199469
60	97	-0.155582
91	97	-0.800544
92	97	-0.320686
93	97	-0.187098
94	97	0.106154
95	97	0.00251692
96	97	1.63552
97	97	6.08107
98	97	0.855788
99	97	0.641374
100	97	0.468197
101	97	-0.506963
102	97	-3.8379
103	97	-0.361017
104	97	-0.415144
105	97	-0.325384
56	98	-0.0384745
57	98	-0.162112
58	98	-0.0257377
59	98	-0.0225076
60	98	-0.00946321
91	98	-0.520881
92	98	-0.150881
93	98	-0.0972958
94	98	0.075717
95	98	-0.0205015
96	98	0.898223
97	98	0.855788
98	98	0.307348
99	98	-0.00727741
100	98	-0.0187823
101	98	-0.152104
102	98	-0.484467
103	98	-0.0936289
104	98	-0.0663714
105	98	-0.0161927
56	99	-0.0333778
57	99	-0.198649
58	99	-0.0237362
59	99	-0.025557
60	99	-0.0171992
91	99	0.528096
92	99	0.0469544
93	99	0.045929
94	99	-0.0735971
95	99	0.0606229
96	99	-0.73025
97	99	0.641374
98	99	-0.00727741
99	99	0.308821
100	99	-0.00809477
101	99	-0.0263942
102	99	-0.443923
103	99	-0.0330756
104	99	-0.0626361
105	99	-0.0538244
56	100	-0.0122476
57	100	-0.155746
58	100	-0.0106405
59	100	-0.0180529
60	100	-0.0187006
91	100	-0.394432
92	100	0.00866888
93	100	-0.00452842
94	100	0.0326382
95	100	-0.0556099
96	100	0.551398
97	100	0.468197
98	100	-0.0187823
99	100	-0.00809477
100	100	0.283016
101	100	0.0102808
102	100	-0.312898
103	100	0.00132014
104	100	-0.0228491
105	100	-0.0447252
71	101	-0.396637
72	101	-0.228135
73	101	-0.113458
74	101	0.0351541
75	101	0.00996341
96	101	-0.35546
97	101	-0.506963
98	101	-0.152104
99	101	-0.0263942
100	101	0.0102808
101	101	8.52768
102	101	1.97606
103	101	1.04787
104	101	-0.827063
105	101	0.674408
71	102	-3.59318
72	102	-0.68532
73	102	-0.444118
74	102	0.420141
75	102	-0.299403
96	102	-0.775048
97	102	-3.8379
98	102	-0.484467
99	102	-0.443923
100	102	-0.312898
101	102	1.97606
102	102	8.52326
103	102	1.03821
104	102	0.810723
105	102	0.648108
71	103	-0.312083
72	103	-0.150708
73	103	-0.0765259
74	103	0.0322053
75	103	-0.00083886
96	103	-0.193885
97	103	-0.361017
98	103	-0.0936289
99	103	-0.0330756
100	103	0.00132014
101	103	1.04787
102	103	1.03821
103	103	0.349771
104	103	-0.0010223
105	103	-0.00330372
71	104	-0.387118
72	104	-0.101226
73	104	-0.0655466
74	104	0.0537615
75	104	-0.0199546
96	104	-0.0908098
97	104	-0.415144
98	104	-0.0663714
99	104	-0.0626361
100	104	-0.0228491
101	104	-0.827063
102	104	0.810723
103	104	-0.0010223
104	104	0.350635
105	104	-0.00214772
71	105	-0.327861
72	105	-0.00479691
73	105	-0.0223654
74	105	0.0494159
75	105	-0.0389429
96	105	0.0105292
97	105	-0.325384
98	105	-0.0161927
99	105	-0.0538244
100	105	-0.0447252
101	105	0.674408
102	105	0.648108
103	105	-0.00330372
104	105	-0.00214772
105	105	0.324295
106	106	5.76102
107	106	1.46031
108	106	0.804412
109	106	-0.632226
110	106	0.444656
111	106	-0.689179
112	106	-0.247618
113	106	-0.151342
114	106	0.101087
115	106	-0.00765562
151	106	-0.43129
152	106	-3.58234
153	106	-0.320581
154	106	-0.387647
155	106	-0.321808
156	106	-0.0469267
157	106	-0.217611
158	106	-0.036795
159	106	-0.0318433
160	106	-0.0101774
106	107	1.46031
107	107	5.70206
108	107	0.801811
109	107	0.625381
110	107	0.436386
111	107	-3.54156
112	107	-0.396113
113	107	-0.312002
114	107	0.384009
115	107	-0.319792
151	107	-0.265521
152	107	-0.697935
153	107	-0.158396
154	107	-0.0974763
155	107	-0.00293167
156	107	-0.209025
157	107	-1.58064
158	107	-0.160533
159	107	-0.195554
160	107	-0.154399
106	108	0.804412
107	108	0.801811
108	108	0.285973
109	108	-0.000472827
110	108	-0.0228098
111	108	-0.443482
112	108	-0.11422
113	108	-0.0765654
114	108	0.065586
115	108	-0.0224239
151	108	-0.121669
152	108	-0.448644
153	108	-0.0796221
154	108	-0.0647943
155	108	-0.0205648
156	108	-0.0366141
157	108	-0.164086
158	108	-0.0249917
159	108	-0.0227579
160	108	-0.0103067
106	109	-0.632226
107	109	0.625381
108	109	-0.000472827
109	109	0.291879
110	109	0.000335616
111	109	-0.419249
112	109	-0.0322027
113	109	-0.0321998
114	109	0.0538447
115	109	-0.0488195
151	109	0.0320959
152	109	0.424629
153	109	0.0325727
154	109	0.0553239
155	109	0.0496808
156	109	-0.0309448
157	109	-0.1979
158	109	-0.0223846
159	109	-0.0248854
160	109	-0.0178378
106	110	0.444656
107	110	0.436386
108	110	-0.0228098
109	110	0.000335616
110	110	0.263838
111	110	-0.286962
112	110	0.00877118
113	110	-0.000911151
114	110	0.0194179
115	110	-0.0377173
151	110	0.00786314
152	110	-0.296747
153	110	-0.000323364
154	110	-0.0206375
155	110	-0.0401268
156	110	-0.00854812
157	110	-0.155101
158	110	-0.00977946
159	110	-0.0175749
160	110	-0.0190981
106	111	-0.689179
107	111	-3.54156
108	111	-0.443482
109	111	-0.419249
110	111	-0.286962
111	111	8.463
112	111	1.96087
113	111	1.03831
114	111	-0.805852
115	111	0.637546
116	111	-3.83007
117	111	-0.770499
118	111	-0.485203
119	111	0.44461
120	111	-0.30774
106	112	-0.247618
107	112	-0.396113
108	112	-0.11422
109	112	-0.0322027
110	112	0.00877118
111	112	1.96087
112	112	8.62588
113	112	1.04805
114	112	0.83074
115	112	0.67028
116	112	-0.492388
117	112	-0.358696
118	112	-0.152673
119	112	0.0266831
120	112	0.0120863
106	113	-0.151342
107	113	-0.312002
108	113	-0.0765654
109	113	-0.0321998
110	113	-0.000911151
111	113	1.03831
112	113	1.04805
113	113	0.349694
114	113	0.00108145
115	113	-0.00318452
116	113	-0.361611
117	113	-0.194409
118	113	-0.0936711
119	113	0.0331016
120	113	0.00112786
106	114	0.101087
107	114	0.384009
108	114	0.065586
109	114	0.0538447
110	114	0.0194179
111	114	-0.805852
112	114	0.83074
113	114	0.00108145
114	114	0.350782
115	114	0.00284261
116	114	0.41375
117	114	0.0909413
118	114	0.0664072
119	114	-0.0627839
120	114	0.0228102
106	115	-0.00765562
107	115	-0.319792
108	115	-0.0224239
109	115	-0.0488195
110	115	-0.0377173
111	115	0.637546
112	115	0.67028
113	115	-0.00318452
114	115	0.00284261
115	115	0.322643
116	115	-0.322953
117	115	0.00965682
118	115	-0.0163215
119	115	0.0545316
120	115	-0.0445464
111	116	-3.83007
112	116	-0.492388
113	116	-0.361611
114	116	0.41375
115	116	-0.322953
116	116	6.05836
117	116	1.61187
118	116	0.855938
119	116	-0.640806
120	116	0.462626
121	116	-1.61379
122	116	-0.224803
123	116	-0.168561
124	116	0.200538
125	116	-0.152105
126	116	-0.317077
127	116	-0.781305
128	116	-0.186466
129	116	-0.105939
130	116	0.00534521
111	117	-0.770499
112	117	-0.358696
113	117	-0.194409
114	117	0.0909413
115	117	0.00965682
116	117	1.61187
117	117	6.81598
118	117	0.900039
119	117	0.727023
120	117	0.547649
121	117	-0.207358
122	117	-0.0665935
123	117	-0.0372165
124	117	0.0300515
125	117	-0.0107108
126	117	-0.542717
127	117	-4.59247
128	117	-0.417555
129	117	-0.505688
130	117	-0.417104
111	118	-0.485203
112	118	-0.152673
113	118	-0.0936711
114	118	0.0664072
115	118	-0.0163215
116	118	0.855938
117	118	0.900039
118	118	0.307406
119	118	0.00743069
120	118	-0.0185811
121	118	-0.161783
122	118	-0.0386483
123	118	-0.0257428
124	118	0.0225033
125	118	-0.0094504
126	118	-0.150653
127	118	-0.522084
128	118	-0.0972703
129	118	-0.0757203
130	118	-0.0205468
111	119	0.44461
112	119	0.0266831
113	119	0.0331016
114	119	-0.0627839
115	119	0.0545316
116	119	-0.640806
117	119	0.727023
118	119	0.00743069
119	119	0.308524
120	119	0.0084479
121	119	0.198008
122	119	0.0345457
123	119	0.0237729
124	119	-0.0256688
125	119	0.016997
126	119	-0.0481903
127	119	-0.52382
128	119	-0.0458816
129	119	-0.0735203
130	119	-0.06049
111	120	-0.30774
112	120	0.0120863
113	120	0.00112786
114	120	0.0228102
115	120	-0.0445464
116	120	0.462626
117	120	0.547649
118	120	-0.0185811
119	120	0.0084479
120	120	0.283486
121	120	-0.155758
122	120	-0.0110637
123	120	-0.010606
124	120	0.0183584
125	120	-0.0184277
126	120	0.00789226
127	120	-0.401706
128	120	-0.00440426
129	120	-0.0330363
130	120	-0.0556175
116	121	-1.61379
117	121	-0.207358
118	121	-0.161783
119	121	0.198008
120	121	-0.155758
121	121	5.76102
122	121	1.46031
123	121	0.804412
124	121	-0.632226
125	121	0.444656
126	121	-0.689179
127	121	-0.247618
128	121	-0.151342
129	121	0.101087
130	121	-0.00765562
166	121	-0.43129
167	121	-3.58234
168	121	-0.320581
169	121	-0.387647
170	121	-0.321808
171	121	-0.0469267
172	121	-0.217611
173	121	-0.036795
174	121	-0.0318433
175	121	-0.0101774
116	122	-0.224803
117	122	-0.0665935
118	122	-0.0386483
119	122	0.0345457
120	122	-0.0110637
121	122	1.46031
122	122	5.70206
123	122	0.801811
124	122	0.625381
125	122	0.436386
126	122	-3.54156
127	122	-0.396113
128	122	-0.312002
129	122	0.384009
130	122	-0.319792
166	122	-0.265521
167	122	-0.697935
168	122	-0.158396
169	122	-0.0974763
170	122	-0.00293167
171	122	-0.209025
172	122	-1.58064
173	122	-0.160533
174	122	-0.195554
175	122	-0.154399
116	123	-0.168561
117	123	-0.0372165
118	123	-0.0257428
119	123	0.0237729
120	123	-0.010606
121	123	0.804412
