168	168	2720
1	1	5.01708
2	1	1.44104
3	1	0.805624
4	1	-0.623962
5	1	-0.677993
6	1	-0.235614
7	1	-0.151513
8	1	0.102052
37	1	-0.41065
38	1	-3.08841
39	1	-0.320108
40	1	-0.389777
41	1	-0.0678547
42	1	-0.21003
43	1	-0.0371362
44	1	-0.0281134
1	2	1.44104
2	2	4.93816
3	2	0.79929
4	2	0.610264
5	2	-3.03134
6	2	-0.412768
7	2	-0.309318
8	2	0.383007
37	2	-0.266601
38	2	-0.690618
39	2	-0.158327
40	2	-0.095921
41	2	-0.207495
42	2	-1.32098
43	2	-0.159857
44	2	-0.192074
1	3	0.805624
2	3	0.79929
3	3	0.285644
4	3	-0.000404187
5	3	-0.442042
6	3	-0.112324
7	3	-0.0766072
8	3	0.0654378
37	3	-0.121291
38	3	-0.449718
39	3	-0.0796253
40	3	-0.0647362
41	3	-0.0369928
42	3	-0.16346
43	3	-0.0250453
44	3	-0.0231998
1	4	-0.623962
2	4	0.610264
3	4	-0.000404187
4	4	0.281403
5	4	-0.406943
6	4	-0.0341171
7	4	-0.0317348
8	4	0.0525783
37	4	0.0285109
38	4	0.420316
39	4	0.0323512
40	4	0.0559562
41	4	-0.0272923
42	4	-0.196201
43	4	-0.0228537
44	4	-0.0289113
1	5	-0.677993
2	5	-3.03134
3	5	-0.442042
4	5	-0.406943
5	5	7.42713
6	5	1.96595
7	5	1.03378
8	5	-0.797123
9	5	-3.31132
10	5	-0.759602
11	5	-0.485443
12	5	0.438078
1	6	-0.235614
2	6	-0.412768
3	6	-0.112324
4	6	-0.0341171
5	6	1.96595
6	6	7.56356
7	6	1.04788
8	6	0.829666
9	6	-0.483136
10	6	-0.360933
11	6	-0.15171
12	6	0.0183602
1	7	-0.151513
2	7	-0.309318
3	7	-0.0766072
4	7	-0.0317348
5	7	1.03378
6	7	1.04788
7	7	0.349618
8	7	0.00135495
9	7	-0.360624
10	7	-0.192506
11	7	-0.0936698
12	7	0.0331053
1	8	0.102052
2	8	0.383007
3	8	0.0654378
4	8	0.0525783
5	8	-0.797123
6	8	0.829666
7	8	0.00135495
8	8	0.348142
9	8	0.407709
10	8	0.0865557
11	8	0.0667479
12	8	-0.064113
5	9	-3.31132
6	9	-0.483136
7	9	-0.360624
8	9	0.407709
9	9	5.29023
10	9	1.61803
11	9	0.856496
12	9	-0.630371
13	9	-1.36357
14	9	-0.214391
15	9	-0.168733
16	9	0.196851
17	9	-0.327366
18	9	-0.792979
19	9	-0.186308
20	9	-0.106864
5	10	-0.759602
6	10	-0.360933
7	10	-0.192506
8	10	0.0865557
9	10	1.61803
10	10	5.89635
11	10	0.897603
12	10	0.726997
13	10	-0.219245
14	10	-0.048695
15	10	-0.0391886
16	10	0.0321692
17	10	-0.558062
18	10	-3.9469
19	10	-0.41782
20	10	-0.506391
5	11	-0.485443
6	11	-0.15171
7	11	-0.0936698
8	11	0.0667479
9	11	0.856496
10	11	0.897603
11	11	0.307068
12	11	0.00778895
13	11	-0.162279
14	11	-0.0382817
15	11	-0.025938
16	11	0.023438
17	11	-0.151034
18	11	-0.520706
19	11	-0.0972835
20	11	-0.0756933
5	12	0.438078
6	12	0.0183602
7	12	0.0331053
8	12	-0.064113
9	12	-0.630371
10	12	0.726997
11	12	0.00778895
12	12	0.301617
13	12	0.194436
14	12	0.0294563
15	12	0.0242148
16	12	-0.028496
17	12	-0.042955
18	12	-0.530065
19	12	-0.0458522
20	12	-0.0737079
9	13	-1.36357
10	13	-0.219245
11	13	-0.162279
12	13	0.194436
13	13	5.01708
14	13	1.44104
15	13	0.805624
16	13	-0.623962
17	13	-0.677993
18	13	-0.235614
19	13	-0.151513
20	13	0.102052
49	13	-0.41065
50	13	-3.08841
51	13	-0.320108
52	13	-0.389777
53	13	-0.0678547
54	13	-0.21003
55	13	-0.0371362
56	13	-0.0281134
9	14	-0.214391
10	14	-0.048695
11	14	-0.0382817
12	14	0.0294563
13	14	1.44104
14	14	4.93816
15	14	0.79929
16	14	0.610264
17	14	-3.03134
18	14	-0.412768
19	14	-0.309318
20	14	0.383007
49	14	-0.266601
50	14	-0.690618
51	14	-0.158327
52	14	-0.095921
53	14	-0.207495
54	14	-1.32098
55	14	-0.159857
56	14	-0.192074
9	15	-0.168733
10	15	-0.0391886
11	15	-0.025938
12	15	0.0242148
13	15	0.805624
14	15	0.79929
15	15	0.285644
16	15	-0.000404188
17	15	-0.442042
18	15	-0.112324
19	15	-0.0766072
20	15	0.0654378
49	15	-0.121291
50	15	-0.449718
51	15	-0.0796253
52	15	-0.0647362
53	15	-0.0369928
54	15	-0.16346
55	15	-0.0250453
56	15	-0.0231998
9	16	0.196851
10	16	0.0321692
11	16	0.023438
12	16	-0.028496
13	16	-0.623962
14	16	0.610264
15	16	-0.000404188
16	16	0.281403
17	16	-0.406943
18	16	-0.0341171
19	16	-0.0317348
20	16	0.0525783
49	16	0.0285109
50	16	0.420316
51	16	0.0323512
52	16	0.0559562
53	16	-0.0272923
54	16	-0.196201
55	16	-0.0228537
56	16	-0.0289113
9	17	-0.327366
10	17	-0.558062
11	17	-0.151034
12	17	-0.042955
13	17	-0.677993
14	17	-3.03134
15	17	-0.442042
16	17	-0.406943
17	17	7.42713
18	17	1.96595
19	17	1.03378
20	17	-0.797123
21	17	-3.31132
22	17	-0.759602
23	17	-0.485443
24	17	0.438078
9	18	-0.792979
10	18	-3.9469
11	18	-0.520706
12	18	-0.530065
13	18	-0.235614
14	18	-0.412768
15	18	-0.112324
16	18	-0.0341171
17	18	1.96595
18	18	7.56356
19	18	1.04788
20	18	0.829666
21	18	-0.483136
22	18	-0.360933
23	18	-0.15171
24	18	0.0183602
9	19	-0.186308
10	19	-0.41782
11	19	-0.0972835
12	19	-0.0458522
13	19	-0.151513
14	19	-0.309318
15	19	-0.0766072
16	19	-0.0317348
17	19	1.03378
18	19	1.04788
19	19	0.349618
20	19	0.00135495
21	19	-0.360624
22	19	-0.192506
23	19	-0.0936698
24	19	0.0331053
9	20	-0.106864
10	20	-0.506391
11	20	-0.0756933
12	20	-0.0737079
13	20	0.102052
14	20	0.383007
15	20	0.0654378
16	20	0.0525783
17	20	-0.797123
18	20	0.829666
19	20	0.00135495
20	20	0.348142
21	20	0.407709
22	20	0.0865557
23	20	0.0667479
24	20	-0.064113
17	21	-3.31132
18	21	-0.483136
19	21	-0.360624
20	21	0.407709
21	21	5.29023
22	21	1.61803
23	21	0.856496
24	21	-0.630371
25	21	-1.36357
26	21	-0.214391
27	21	-0.168733
28	21	0.196851
29	21	-0.327366
30	21	-0.792979
31	21	-0.186308
32	21	-0.106864
17	22	-0.759602
18	22	-0.360933
19	22	-0.192506
20	22	0.0865557
21	22	1.61803
22	22	5.89635
23	22	0.897603
24	22	0.726997
25	22	-0.219245
26	22	-0.048695
27	22	-0.0391886
28	22	0.0321692
29	22	-0.558062
30	22	-3.9469
31	22	-0.41782
32	22	-0.506391
17	23	-0.485443
18	23	-0.15171
19	23	-0.0936698
20	23	0.0667479
21	23	0.856496
22	23	0.897603
23	23	0.307068
24	23	0.00778895
25	23	-0.162279
26	23	-0.0382817
27	23	-0.025938
28	23	0.023438
29	23	-0.151034
30	23	-0.520706
31	23	-0.0972835
32	23	-0.0756933
17	24	0.438078
18	24	0.0183602
19	24	0.0331053
20	24	-0.064113
21	24	-0.630371
22	24	0.726997
23	24	0.00778895
24	24	0.301617
25	24	0.194436
26	24	0.0294563
27	24	0.0242148
28	24	-0.028496
29	24	-0.042955
30	24	-0.530065
31	24	-0.0458522
32	24	-0.0737079
21	25	-1.36357
22	25	-0.219245
23	25	-0.162279
24	25	0.194436
25	25	5.01708
26	25	1.44104
27	25	0.805624
28	25	-0.623962
29	25	-0.677993
30	25	-0.235614
31	25	-0.151513
32	25	0.102052
61	25	-0.41065
62	25	-3.08841
63	25	-0.320108
64	25	-0.389777
21	26	-0.214391
22	26	-0.048695
23	26	-0.0382817
24	26	0.0294563
25	26	1.44104
26	26	4.93816
27	26	0.79929
28	26	0.610264
29	26	-3.03134
30	26	-0.412768
31	26	-0.309318
32	26	0.383007
61	26	-0.266601
62	26	-0.690618
63	26	-0.158327
64	26	-0.095921
21	27	-0.168733
22	27	-0.0391886
23	27	-0.025938
24	27	0.0242148
25	27	0.805624
26	27	0.79929
27	27	0.285644
28	27	-0.000404187
29	27	-0.442042
30	27	-0.112324
31	27	-0.0766072
32	27	0.0654378
61	27	-0.121291
62	27	-0.449718
63	27	-0.0796253
64	27	-0.0647362
21	28	0.196851
22	28	0.0321692
23	28	0.023438
24	28	-0.028496
25	28	-0.623962
26	28	0.610264
27	28	-0.000404187
28	28	0.281403
29	28	-0.406943
30	28	-0.0341171
31	28	-0.0317348
32	28	0.0525783
61	28	0.0285109
62	28	0.420316
63	28	0.0323512
64	28	0.0559562
21	29	-0.327366
22	29	-0.558062
23	29	-0.151034
24	29	-0.042955
25	29	-0.677993
26	29	-3.03134
27	29	-0.442042
28	29	-0.406943
29	29	7.42713
30	29	1.96595
31	29	1.03378
32	29	-0.797123
21	30	-0.792979
22	30	-3.9469
23	30	-0.520706
24	30	-0.530065
25	30	-0.235614
26	30	-0.412768
27	30	-0.112324
28	30	-0.0341171
29	30	1.96595
30	30	7.56356
31	30	1.04788
32	30	0.829666
21	31	-0.186308
22	31	-0.41782
23	31	-0.0972835
24	31	-0.0458522
25	31	-0.151513
26	31	-0.309318
27	31	-0.0766072
28	31	-0.0317348
29	31	1.03378
30	31	1.04788
31	31	0.349618
32	31	0.00135495
21	32	-0.106864
22	32	-0.506391
23	32	-0.0756933
24	32	-0.0737079
25	32	0.102052
26	32	0.383007
27	32	0.0654378
28	32	0.0525783
29	32	-0.797123
30	32	0.829666
31	32	0.00135495
32	32	0.348142
33	33	5.04965
34	33	1.4572
35	33	0.803381
36	33	-0.625033
37	33	-0.69378
38	33	-0.266382
39	33	-0.158592
40	33	0.0976488
65	33	-0.412983
66	33	-3.10642
67	33	-0.312047
68	33	-0.391683
69	33	-0.0491979
70	33	-0.225383
71	33	-0.0394584
72	33	-0.0330154
33	34	1.4572
34	34	4.98765
35	34	0.803435
36	34	0.619848
37	34	-3.04157
38	34	-0.402293
39	34	-0.318823
40	34	0.387769
65	34	-0.274433
66	34	-0.693103
67	34	-0.152123
68	34	-0.099659
69	34	-0.182977
70	34	-1.38108
71	34	-0.162064
72	34	-0.197651
33	35	0.803381
34	35	0.803435
35	35	0.285734
36	35	0.000290565
37	35	-0.44868
38	35	-0.120313
39	35	-0.0796494
40	35	0.0648191
65	35	-0.114956
66	35	-0.443792
67	35	-0.0765916
68	35	-0.0654043
69	35	-0.0365607
70	35	-0.167957
71	35	-0.0258712
72	35	-0.0245196
33	36	-0.625033
34	36	0.619848
35	36	0.000290565
36	36	0.282238
37	36	-0.415277
38	36	-0.02748
39	36	-0.0322943
40	36	0.0551022
65	36	0.0261876
66	36	0.418651
67	36	0.0317705
68	36	0.0544939
69	36	-0.024599
70	36	-0.198527
71	36	-0.0230339
72	36	-0.028891
1	37	-0.41065
2	37	-0.266601
3	37	-0.121291
4	37	0.0285109
33	37	-0.69378
34	37	-3.04157
35	37	-0.44868
36	37	-0.415277
37	37	7.37285
38	37	1.91338
39	37	1.02902
40	37	-0.80682
41	37	-3.20116
42	37	-0.707909
43	37	-0.459433
44	37	0.430218
1	38	-3.08841
2	38	-0.690618
3	38	-0.449718
4	38	0.420316
33	38	-0.266382
34	38	-0.402293
35	38	-0.120313
36	38	-0.02748
37	38	1.91338
38	38	7.44844
39	38	1.03129
40	38	0.80956
41	38	-0.427016
42	38	-0.278752
43	38	-0.125166
44	38	0.0297761
1	39	-0.320108
2	39	-0.158327
3	39	-0.0796253
4	39	0.0323512
33	39	-0.158592
34	39	-0.318823
35	39	-0.0796494
36	39	-0.0322943
37	39	1.02902
38	39	1.03129
39	39	0.346983
40	39	0.00017806
41	39	-0.333414
42	39	-0.162873
43	39	-0.0819192
44	39	0.033874
1	40	-0.389777
2	40	-0.095921
3	40	-0.0647362
4	40	0.0559562
33	40	0.0976488
34	40	0.387769
35	40	0.0648191
36	40	0.0551022
37	40	-0.80682
38	40	0.80956
39	40	0.00017806
40	40	0.345656
41	40	0.406144
42	40	0.0973739
43	40	0.0665037
44	40	-0.0581447
1	41	-0.0678547
2	41	-0.207495
3	41	-0.0369928
4	41	-0.0272923
37	41	-3.20116
38	41	-0.427016
39	41	-0.333414
40	41	0.406144
41	41	5.16656
42	41	1.48612
43	41	0.820514
44	41	-0.637509
45	41	-1.35661
46	41	-0.213837
47	41	-0.164877
48	41	0.197594
49	41	-0.275523
50	41	-0.707666
51	41	-0.1626
52	41	-0.0988802
1	42	-0.21003
2	42	-1.32098
3	42	-0.16346
4	42	-0.196201
37	42	-0.707909
38	42	-0.278752
39	42	-0.162873
40	42	0.0973739
41	42	1.48612
42	42	5.1545
43	42	0.818735
44	42	0.637066
45	42	-0.208281
46	42	-0.0751187
47	42	-0.0380123
48	42	0.0263671
49	42	-0.418085
50	42	-3.22103
51	42	-0.333191
52	42	-0.404704
1	43	-0.0371362
2	43	-0.159857
3	43	-0.0250453
4	43	-0.0228537
37	43	-0.459433
38	43	-0.125166
39	43	-0.0819192
40	43	0.0665037
41	43	0.820514
42	43	0.818735
43	43	0.290073
44	43	0.000256703
45	43	-0.161039
46	43	-0.0365032
47	43	-0.0251075
48	43	0.0230815
49	43	-0.125764
50	43	-0.45832
51	43	-0.0818573
52	43	-0.0662034
1	44	-0.0281134
2	44	-0.192074
3	44	-0.0231998
4	44	-0.0289113
37	44	0.430218
38	44	0.0297761
39	44	0.033874
40	44	-0.0581447
41	44	-0.637509
42	44	0.637066
43	44	0.000256703
44	44	0.287776
45	44	0.197503
46	44	0.0275216
47	44	0.0234064
48	44	-0.0292703
49	44	-0.0288636
50	44	-0.434651
51	44	-0.0338389
52	44	-0.0577854
41	45	-1.35661
42	45	-0.208281
43	45	-0.161039
44	45	0.197503
45	45	5.04965
46	45	1.4572
47	45	0.803381
48	45	-0.625033
49	45	-0.69378
50	45	-0.266382
51	45	-0.158592
52	45	0.0976488
73	45	-0.412983
74	45	-3.10642
75	45	-0.312047
76	45	-0.391683
77	45	-0.0491979
78	45	-0.225383
79	45	-0.0394584
80	45	-0.0330154
41	46	-0.213837
42	46	-0.0751187
43	46	-0.0365032
44	46	0.0275216
45	46	1.4572
46	46	4.98765
47	46	0.803435
48	46	0.619848
49	46	-3.04157
50	46	-0.402293
51	46	-0.318823
52	46	0.387769
73	46	-0.274433
74	46	-0.693103
75	46	-0.152123
76	46	-0.099659
77	46	-0.182977
78	46	-1.38108
79	46	-0.162064
80	46	-0.197651
41	47	-0.164877
42	47	-0.0380123
43	47	-0.0251075
44	47	0.0234064
45	47	0.803381
46	47	0.803435
47	47	0.285734
48	47	0.000290565
49	47	-0.44868
50	47	-0.120313
51	47	-0.0796494
52	47	0.0648191
73	47	-0.114956
74	47	-0.443792
75	47	-0.0765916
76	47	-0.0654043
77	47	-0.0365607
78	47	-0.167957
79	47	-0.0258712
80	47	-0.0245196
41	48	0.197594
42	48	0.0263671
43	48	0.0230815
44	48	-0.0292703
45	48	-0.625033
46	48	0.619848
47	48	0.000290565
48	48	0.282238
49	48	-0.415277
50	48	-0.02748
51	48	-0.0322943
52	48	0.0551022
73	48	0.0261875
74	48	0.418651
75	48	0.0317705
76	48	0.0544939
77	48	-0.024599
78	48	-0.198527
79	48	-0.0230339
80	48	-0.028891
13	49	-0.41065
14	49	-0.266601
15	49	-0.121291
16	49	0.0285109
41	49	-0.275523
42	49	-0.418085
43	49	-0.125764
44	49	-0.0288636
45	49	-0.69378
46	49	-3.04157
47	49	-0.44868
48	49	-0.415277
49	49	7.37285
50	49	1.91338
51	49	1.02902
52	49	-0.80682
53	49	-3.20116
54	49	-0.707909
55	49	-0.459433
56	49	0.430218
13	50	-3.08841
14	50	-0.690618
15	50	-0.449718
16	50	0.420316
41	50	-0.707666
42	50	-3.22103
43	50	-0.45832
44	50	-0.434651
45	50	-0.266382
46	50	-0.402293
47	50	-0.120313
48	50	-0.02748
49	50	1.91338
50	50	7.44844
51	50	1.03129
52	50	0.80956
53	50	-0.427016
54	50	-0.278752
55	50	-0.125166
56	50	0.0297761
13	51	-0.320108
14	51	-0.158327
15	51	-0.0796253
16	51	0.0323512
41	51	-0.1626
42	51	-0.333191
43	51	-0.0818573
44	51	-0.0338389
45	51	-0.158592
46	51	-0.318823
47	51	-0.0796494
48	51	-0.0322943
49	51	1.02902
50	51	1.03129
51	51	0.346983
52	51	0.00017806
53	51	-0.333414
54	51	-0.162873
55	51	-0.0819192
56	51	0.033874
13	52	-0.389777
14	52	-0.095921
15	52	-0.0647362
16	52	0.0559562
41	52	-0.0988802
42	52	-0.404704
43	52	-0.0662034
44	52	-0.0577854
45	52	0.0976488
46	52	0.387769
47	52	0.0648191
48	52	0.0551022
49	52	-0.80682
50	52	0.80956
51	52	0.00017806
52	52	0.345656
53	52	0.406144
54	52	0.0973739
55	52	0.0665037
56	52	-0.0581447
13	53	-0.0678547
14	53	-0.207495
15	53	-0.0369928
16	53	-0.0272923
49	53	-3.20116
50	53	-0.427016
51	53	-0.333414
52	53	0.406144
53	53	5.16656
54	53	1.48612
55	53	0.820514
56	53	-0.637509
57	53	-1.35661
58	53	-0.213837
59	53	-0.164877
60	53	0.197594
61	53	-0.275523
62	53	-0.707666
63	53	-0.1626
64	53	-0.0988802
13	54	-0.21003
14	54	-1.32098
15	54	-0.16346
16	54	-0.196201
49	54	-0.707909
50	54	-0.278752
51	54	-0.162873
52	54	0.0973739
53	54	1.48612
54	54	5.1545
55	54	0.818735
56	54	0.637066
57	54	-0.208281
58	54	-0.0751187
59	54	-0.0380123
60	54	0.0263671
61	54	-0.418085
62	54	-3.22103
63	54	-0.333191
64	54	-0.404704
13	55	-0.0371362
14	55	-0.159857
15	55	-0.0250453
16	55	-0.0228537
49	55	-0.459433
50	55	-0.125166
51	55	-0.0819192
52	55	0.0665037
53	55	0.820514
54	55	0.818735
55	55	0.290073
56	55	0.000256705
57	55	-0.161039
58	55	-0.0365032
59	55	-0.0251075
60	55	0.0230815
61	55	-0.125764
62	55	-0.45832
63	55	-0.0818573
64	55	-0.0662034
13	56	-0.0281134
14	56	-0.192074
15	56	-0.0231998
16	56	-0.0289113
49	56	0.430218
50	56	0.0297761
51	56	0.033874
52	56	-0.0581447
53	56	-0.637509
54	56	0.637066
55	56	0.000256705
56	56	0.287776
57	56	0.197503
58	56	0.0275216
59	56	0.0234064
60	56	-0.0292703
61	56	-0.0288636
62	56	-0.434651
63	56	-0.0338389
64	56	-0.0577854
53	57	-1.35661
54	57	-0.208281
55	57	-0.161039
56	57	0.197503
57	57	5.04965
58	57	1.4572
59	57	0.803381
60	57	-0.625033
61	57	-0.69378
62	57	-0.266382
63	57	-0.158592
64	57	0.0976488
81	57	-0.412983
82	57	-3.10642
83	57	-0.312047
84	57	-0.391683
53	58	-0.213837
54	58	-0.0751187
55	58	-0.0365032
56	58	0.0275216
57	58	1.4572
58	58	4.98765
59	58	0.803435
60	58	0.619848
61	58	-3.04157
62	58	-0.402293
63	58	-0.318823
64	58	0.387769
81	58	-0.274433
82	58	-0.693103
83	58	-0.152123
84	58	-0.099659
53	59	-0.164877
54	59	-0.0380123
55	59	-0.0251075
56	59	0.0234064
57	59	0.803381
58	59	0.803435
59	59	0.285734
60	59	0.000290565
61	59	-0.44868
62	59	-0.120313
63	59	-0.0796494
64	59	0.0648191
81	59	-0.114956
82	59	-0.443792
83	59	-0.0765916
84	59	-0.0654043
53	60	0.197594
54	60	0.0263671
55	60	0.0230815
56	60	-0.0292703
57	60	-0.625033
58	60	0.619848
59	60	0.000290565
60	60	0.282238
61	60	-0.415277
62	60	-0.02748
63	60	-0.0322943
64	60	0.0551022
81	60	0.0261876
82	60	0.418651
83	60	0.0317705
84	60	0.0544939
25	61	-0.41065
26	61	-0.266601
27	61	-0.121291
28	61	0.0285109
53	61	-0.275523
54	61	-0.418085
55	61	-0.125764
56	61	-0.0288636
57	61	-0.69378
58	61	-3.04157
59	61	-0.44868
60	61	-0.415277
61	61	7.37285
62	61	1.91338
63	61	1.02902
64	61	-0.80682
25	62	-3.08841
26	62	-0.690618
27	62	-0.449718
28	62	0.420316
53	62	-0.707666
54	62	-3.22103
55	62	-0.45832
56	62	-0.434651
57	62	-0.266382
58	62	-0.402293
59	62	-0.120313
60	62	-0.02748
61	62	1.91338
62	62	7.44844
63	62	1.03129
64	62	0.80956
25	63	-0.320108
26	63	-0.158327
27	63	-0.0796253
28	63	0.0323512
53	63	-0.1626
54	63	-0.333191
55	63	-0.0818573
56	63	-0.0338389
57	63	-0.158592
58	63	-0.318823
59	63	-0.0796494
60	63	-0.0322943
61	63	1.02902
62	63	1.03129
63	63	0.346983
64	63	0.00017806
25	64	-0.389777
26	64	-0.095921
27	64	-0.0647362
28	64	0.0559562
53	64	-0.0988802
54	64	-0.404704
55	64	-0.0662034
56	64	-0.0577854
57	64	0.0976488
58	64	0.387769
59	64	0.0648191
60	64	0.0551022
61	64	-0.80682
62	64	0.80956
63	64	0.00017806
64	64	0.345656
33	65	-0.412983
34	65	-0.274433
35	65	-0.114956
36	65	0.0261876
65	65	7.43182
66	65	1.94689
67	65	1.04511
68	65	-0.830959
69	65	-3.84717
70	65	-0.753613
71	65	-0.522327
72	65	0.52701
33	66	-3.10642
34	66	-0.693103
35	66	-0.443792
36	66	0.418651
65	66	1.94689
66	66	7.52338
67	66	1.03888
68	66	0.810062
69	66	-0.55878
70	66	-0.313115
71	66	-0.149826
72	66	0.0470419
33	67	-0.312047
34	67	-0.152123
35	67	-0.0765916
36	67	0.0317705
65	67	1.04511
66	67	1.03888
67	67	0.349673
68	67	-0.000841871
69	67	-0.416388
70	67	-0.18566
71	67	-0.097306
72	67	0.0458249
33	68	-0.391683
34	68	-0.099659
35	68	-0.0654043
36	68	0.0544939
65	68	-0.830959
66	68	0.810062
67	68	-0.000841871
68	68	0.349122
69	68	0.505485
70	68	0.104635
71	68	0.0757914
72	68	-0.0737353
33	69	-0.0491979
34	69	-0.182977
35	69	-0.0365607
36	69	-0.024599
65	69	-3.84717
66	69	-0.55878
67	69	-0.416388
68	69	0.505485
69	69	5.86734
70	69	1.57558
71	69	0.899686
72	69	-0.735021
73	69	-0.363223
74	69	-0.756684
75	69	-0.193478
76	69	-0.0885143
33	70	-0.225383
34	70	-1.38108
35	70	-0.167957
36	70	-0.198527
65	70	-0.753613
66	70	-0.313115
67	70	-0.18566
68	70	0.104635
69	70	1.57558
70	70	5.32419
71	70	0.855843
72	70	0.638974
73	70	-0.463069
74	70	-3.32412
75	70	-0.361633
76	70	-0.409694
33	71	-0.0394584
34	71	-0.162064
35	71	-0.0258712
36	71	-0.0230339
65	71	-0.522327
66	71	-0.149826
67	71	-0.097306
68	71	0.0757914
69	71	0.899686
70	71	0.855843
71	71	0.307105
72	71	-0.00754315
73	71	-0.152401
74	71	-0.484432
75	71	-0.0936021
76	71	-0.0662894
33	72	-0.0330154
34	72	-0.197651
35	72	-0.0245196
36	72	-0.028891
65	72	0.52701
66	72	0.0470419
67	72	0.0458249
68	72	-0.0737353
69	72	-0.735021
70	72	0.638974
71	72	-0.00754315
72	72	0.302355
73	72	-0.0175389
74	72	-0.442496
75	72	-0.0329774
76	72	-0.0634633
45	73	-0.412983
46	73	-0.274433
47	73	-0.114956
48	73	0.0261875
69	73	-0.363223
70	73	-0.463069
71	73	-0.152401
72	73	-0.0175389
73	73	7.43182
74	73	1.94689
75	73	1.04511
76	73	-0.830959
77	73	-3.84717
78	73	-0.753613
79	73	-0.522327
80	73	0.52701
45	74	-3.10642
46	74	-0.693103
47	74	-0.443792
48	74	0.418651
69	74	-0.756684
70	74	-3.32412
71	74	-0.484432
72	74	-0.442496
73	74	1.94689
74	74	7.52338
75	74	1.03888
76	74	0.810062
77	74	-0.55878
78	74	-0.313115
79	74	-0.149826
80	74	0.0470419
45	75	-0.312047
46	75	-0.152123
47	75	-0.0765916
48	75	0.0317705
69	75	-0.193478
70	75	-0.361633
71	75	-0.0936021
72	75	-0.0329774
73	75	1.04511
74	75	1.03888
75	75	0.349673
76	75	-0.00084187
77	75	-0.416388
78	75	-0.18566
79	75	-0.097306
80	75	0.0458249
45	76	-0.391683
46	76	-0.099659
47	76	-0.0654043
48	76	0.0544939
69	76	-0.0885143
70	76	-0.409694
71	76	-0.0662894
72	76	-0.0634633
73	76	-0.830959
74	76	0.810062
75	76	-0.00084187
76	76	0.349122
77	76	0.505485
78	76	0.104635
79	76	0.0757914
80	76	-0.0737353
45	77	-0.0491979
46	77	-0.182977
47	77	-0.0365607
48	77	-0.024599
73	77	-3.84717
74	77	-0.55878
75	77	-0.416388
76	77	0.505485
77	77	5.86734
78	77	1.57558
79	77	0.899686
80	77	-0.735021
81	77	-0.363223
82	77	-0.756684
83	77	-0.193478
84	77	-0.0885143
45	78	-0.225383
46	78	-1.38108
47	78	-0.167957
48	78	-0.198527
73	78	-0.753613
74	78	-0.313115
75	78	-0.18566
76	78	0.104635
77	78	1.57558
78	78	5.32419
79	78	0.855843
80	78	0.638974
81	78	-0.463069
82	78	-3.32412
83	78	-0.361633
84	78	-0.409694
45	79	-0.0394584
46	79	-0.162064
47	79	-0.0258712
48	79	-0.0230339
73	79	-0.522327
74	79	-0.149826
75	79	-0.097306
76	79	0.0757914
77	79	0.899686
78	79	0.855843
79	79	0.307105
80	79	-0.00754315
81	79	-0.152401
82	79	-0.484432
83	79	-0.0936021
84	79	-0.0662894
45	80	-0.0330154
46	80	-0.197651
47	80	-0.0245196
48	80	-0.028891
73	80	0.52701
74	80	0.0470419
75	80	0.0458249
76	80	-0.0737353
77	80	-0.735021
78	80	0.638974
79	80	-0.00754315
80	80	0.302355
81	80	-0.0175389
82	80	-0.442496
83	80	-0.0329774
84	80	-0.0634633
57	81	-0.412983
58	81	-0.274433
59	81	-0.114956
60	81	0.0261876
77	81	-0.363223
78	81	-0.463069
79	81	-0.152401
80	81	-0.0175389
81	81	7.43182
82	81	1.94689
83	81	1.04511
84	81	-0.830959
57	82	-3.10642
58	82	-0.693103
59	82	-0.443792
60	82	0.418651
77	82	-0.756684
78	82	-3.32412
79	82	-0.484432
80	82	-0.442496
81	82	1.94689
82	82	7.52338
83	82	1.03888
84	82	0.810062
57	83	-0.312047
58	83	-0.152123
59	83	-0.0765916
60	83	0.0317705
77	83	-0.193478
78	83	-0.361633
79	83	-0.0936021
80	83	-0.0329774
81	83	1.04511
82	83	1.03888
83	83	0.349673
84	83	-0.000841871
57	84	-0.391683
58	84	-0.099659
59	84	-0.0654043
60	84	0.0544939
77	84	-0.0885143
78	84	-0.409694
79	84	-0.0662894
80	84	-0.0634633
81	84	-0.830959
82	84	0.810062
83	84	-0.000841871
84	84	0.349122
85	85	5.01708
86	85	1.44104
87	85	0.805624
88	85	-0.623962
89	85	-0.677993
90	85	-0.235614
91	85	-0.151513
92	85	0.102052
121	85	-0.41065
122	85	-3.08841
123	85	-0.320108
124	85	-0.389777
125	85	-0.0678547
126	85	-0.21003
127	85	-0.0371362
128	85	-0.0281134
85	86	1.44104
86	86	4.93816
87	86	0.79929
88	86	0.610264
89	86	-3.03134
90	86	-0.412768
91	86	-0.309318
92	86	0.383007
121	86	-0.266601
122	86	-0.690618
123	86	-0.158327
124	86	-0.095921
125	86	-0.207495
126	86	-1.32098
127	86	-0.159857
128	86	-0.192074
85	87	0.805624
86	87	0.79929
87	87	0.285644
88	87	-0.000404187
89	87	-0.442042
90	87	-0.112324
91	87	-0.0766072
92	87	0.0654378
121	87	-0.121291
122	87	-0.449718
123	87	-0.0796253
124	87	-0.0647362
125	87	-0.0369928
126	87	-0.16346
127	87	-0.0250453
128	87	-0.0231998
85	88	-0.623962
86	88	0.610264
87	88	-0.000404187
88	88	0.281403
89	88	-0.406943
90	88	-0.0341171
91	88	-0.0317348
92	88	0.0525783
121	88	0.0285109
122	88	0.420316
123	88	0.0323512
124	88	0.0559562
125	88	-0.0272923
126	88	-0.196201
127	88	-0.0228537
128	88	-0.0289113
85	89	-0.677993
86	89	-3.03134
87	89	-0.442042
88	89	-0.406943
89	89	7.42713
90	89	1.96595
91	89	1.03378
92	89	-0.797123
93	89	-3.31132
94	89	-0.759602
95	89	-0.485443
96	89	0.438078
85	90	-0.235614
86	90	-0.412768
87	90	-0.112324
88	90	-0.0341171
89	90	1.96595
90	90	7.56356
91	90	1.04788
92	90	0.829666
93	90	-0.483136
94	90	-0.360933
95	90	-0.15171
96	90	0.0183602
85	91	-0.151513
86	91	-0.309318
87	91	-0.0766072
88	91	-0.0317348
89	91	1.03378
90	91	1.04788
91	91	0.349618
92	91	0.00135495
93	91	-0.360624
94	91	-0.192506
95	91	-0.0936698
96	91	0.0331053
85	92	0.102052
86	92	0.383007
87	92	0.0654378
88	92	0.0525783
89	92	-0.797123
90	92	0.829666
91	92	0.00135495
92	92	0.348142
93	92	0.407709
94	92	0.0865557
95	92	0.0667479
96	92	-0.064113
89	93	-3.31132
90	93	-0.483136
91	93	-0.360624
92	93	0.407709
93	93	5.29023
94	93	1.61803
95	93	0.856496
96	93	-0.630371
97	93	-1.36357
98	93	-0.214391
99	93	-0.168733
100	93	0.196851
101	93	-0.327366
102	93	-0.792979
103	93	-0.186308
104	93	-0.106864
89	94	-0.759602
90	94	-0.360933
91	94	-0.192506
92	94	0.0865557
93	94	1.61803
94	94	5.89635
95	94	0.897603
96	94	0.726997
97	94	-0.219245
98	94	-0.048695
99	94	-0.0391886
100	94	0.0321692
101	94	-0.558062
102	94	-3.9469
103	94	-0.41782
104	94	-0.506391
89	95	-0.485443
90	95	-0.15171
91	95	-0.0936698
92	95	0.0667479
93	95	0.856496
94	95	0.897603
95	95	0.307068
96	95	0.00778895
97	95	-0.162279
98	95	-0.0382817
99	95	-0.025938
100	95	0.023438
101	95	-0.151034
102	95	-0.520706
103	95	-0.0972835
104	95	-0.0756933
89	96	0.438078
90	96	0.0183602
91	96	0.0331053
92	96	-0.064113
93	96	-0.630371
94	96	0.726997
95	96	0.00778895
96	96	0.301617
97	96	0.194436
98	96	0.0294563
99	96	0.0242148
100	96	-0.028496
101	96	-0.042955
102	96	-0.530065
103	96	-0.0458522
104	96	-0.0737079
93	97	-1.36357
94	97	-0.219245
95	97	-0.162279
96	97	0.194436
97	97	5.01708
98	97	1.44104
99	97	0.805624
100	97	-0.623962
101	97	-0.677993
102	97	-0.235614
103	97	-0.151513
104	97	0.102052
133	97	-0.41065
134	97	-3.08841
135	97	-0.320108
136	97	-0.389777
137	97	-0.0678547
138	97	-0.21003
139	97	-0.0371362
140	97	-0.0281134
93	98	-0.214391
94	98	-0.048695
95	98	-0.0382817
96	98	0.0294563
97	98	1.44104
98	98	4.93816
99	98	0.79929
100	98	0.610264
101	98	-3.03134
102	98	-0.412768
103	98	-0.309318
104	98	0.383007
133	98	-0.266601
134	98	-0.690618
135	98	-0.158327
136	98	-0.095921
137	98	-0.207495
138	98	-1.32098
139	98	-0.159857
140	98	-0.192074
93	99	-0.168733
94	99	-0.0391886
95	99	-0.025938
96	99	0.0242148
97	99	0.805624
98	99	0.79929
99	99	0.285644
100	99	-0.000404188
101	99	-0.442042
102	99	-0.112324
103	99	-0.0766072
104	99	0.0654378
133	99	-0.121291
134	99	-0.449718
135	99	-0.0796253
136	99	-0.0647362
137	99	-0.0369928
138	99	-0.16346
139	99	-0.0250453
140	99	-0.0231998
93	100	0.196851
94	100	0.0321692
95	100	0.023438
96	100	-0.028496
97	100	-0.623962
98	100	0.610264
99	100	-0.000404188
100	100	0.281403
101	100	-0.406943
102	100	-0.0341171
103	100	-0.0317348
104	100	0.0525783
133	100	0.0285109
134	100	0.420316
135	100	0.0323512
136	100	0.0559562
137	100	-0.0272923
138	100	-0.196201
139	100	-0.0228537
140	100	-0.0289113
93	101	-0.327366
94	101	-0.558062
95	101	-0.151034
96	101	-0.042955
97	101	-0.677993
98	101	-3.03134
99	101	-0.442042
100	101	-0.406943
101	101	7.42713
102	101	1.96595
103	101	1.03378
104	101	-0.797123
105	101	-3.31132
106	101	-0.759602
107	101	-0.485443
108	101	0.438078
93	102	-0.792979
94	102	-3.9469
95	102	-0.520706
96	102	-0.530065
97	102	-0.235614
98	102	-0.412768
99	102	-0.112324
100	102	-0.0341171
101	102	1.96595
102	102	7.56356
103	102	1.04788
104	102	0.829666
105	102	-0.483136
106	102	-0.360933
107	102	-0.15171
108	102	0.0183602
93	103	-0.186308
94	103	-0.41782
95	103	-0.0972835
96	103	-0.0458522
97	103	-0.151513
98	103	-0.309318
99	103	-0.0766072
100	103	-0.0317348
101	103	1.03378
102	103	1.04788
103	103	0.349618
104	103	0.00135495
105	103	-0.360624
106	103	-0.192506
107	103	-0.0936698
108	103	0.0331053
93	104	-0.106864
94	104	-0.506391
95	104	-0.0756933
96	104	-0.0737079
97	104	0.102052
98	104	0.383007
99	104	0.0654378
100	104	0.0525783
101	104	-0.797123
102	104	0.829666
103	104	0.00135495
104	104	0.348142
105	104	0.407709
106	104	0.0865557
107	104	0.0667479
108	104	-0.064113
101	105	-3.31132
102	105	-0.483136
103	105	-0.360624
104	105	0.407709
105	105	5.29023
106	105	1.61803
107	105	0.856496
108	105	-0.630371
109	105	-1.36357
110	105	-0.214391
111	105	-0.168733
112	105	0.196851
113	105	-0.327366
114	105	-0.792979
115	105	-0.186308
116	105	-0.106864
101	106	-0.759602
102	106	-0.360933
103	106	-0.192506
104	106	0.0865557
105	106	1.61803
106	106	5.89635
107	106	0.897603
108	106	0.726997
109	106	-0.219245
110	106	-0.048695
111	106	-0.0391886
112	106	0.0321692
113	106	-0.558062
114	106	-3.9469
115	106	-0.41782
116	106	-0.506391
101	107	-0.485443
102	107	-0.15171
103	107	-0.0936698
104	107	0.0667479
105	107	0.856496
106	107	0.897603
107	107	0.307068
108	107	0.00778895
109	107	-0.162279
110	107	-0.0382817
111	107	-0.025938
112	107	0.023438
113	107	-0.151034
114	107	-0.520706
115	107	-0.0972835
116	107	-0.0756933
101	108	0.438078
102	108	0.0183602
103	108	0.0331053
104	108	-0.064113
105	108	-0.630371
106	108	0.726997
107	108	0.00778895
108	108	0.301617
109	108	0.194436
110	108	0.0294563
111	108	0.0242148
112	108	-0.028496
113	108	-0.042955
114	108	-0.530065
115	108	-0.0458522
116	108	-0.0737079
105	109	-1.36357
106	109	-0.219245
107	109	-0.162279
108	109	0.194436
109	109	5.01708
110	109	1.44104
111	109	0.805624
112	109	-0.623962
113	109	-0.677993
114	109	-0.235614
115	109	-0.151513
116	109	0.102052
145	109	-0.41065
146	109	-3.08841
147	109	-0.320108
148	109	-0.389777
105	110	-0.214391
106	110	-0.048695
107	110	-0.0382817
108	110	0.0294563
109	110	1.44104
110	110	4.93816
111	110	0.79929
112	110	0.610264
113	110	-3.03134
114	110	-0.412768
115	110	-0.309318
116	110	0.383007
145	110	-0.266601
146	110	-0.690618
147	110	-0.158327
148	110	-0.095921
105	111	-0.168733
106	111	-0.0391886
107	111	-0.025938
108	111	0.0242148
109	111	0.805624
110	111	0.79929
111	111	0.285644
112	111	-0.000404187
113	111	-0.442042
114	111	-0.112324
115	111	-0.0766072
116	111	0.0654378
145	111	-0.121291
146	111	-0.449718
147	111	-0.0796253
148	111	-0.0647362
105	112	0.196851
106	112	0.0321692
107	112	0.023438
108	112	-0.028496
109	112	-0.623962
110	112	0.610264
111	112	-0.000404187
112	112	0.281403
113	112	-0.406943
114	112	-0.0341171
115	112	-0.0317348
116	112	0.0525783
145	112	0.0285109
146	112	0.420316
147	112	0.0323512
148	112	0.0559562
105	113	-0.327366
106	113	-0.558062
107	113	-0.151034
108	113	-0.042955
109	113	-0.677993
110	113	-3.03134
111	113	-0.442042
112	113	-0.406943
113	113	7.42713
114	113	1.96595
115	113	1.03378
116	113	-0.797123
105	114	-0.792979
106	114	-3.9469
107	114	-0.520706
108	114	-0.530065
109	114	-0.235614
110	114	-0.412768
111	114	-0.112324
112	114	-0.0341171
113	114	1.96595
114	114	7.56356
115	114	1.04788
116	114	0.829666
105	115	-0.186308
106	115	-0.41782
107	115	-0.0972835
108	115	-0.0458522
109	115	-0.151513
110	115	-0.309318
111	115	-0.0766072
112	115	-0.0317348
113	115	1.03378
114	115	1.04788
115	115	0.349618
116	115	0.00135495
105	116	-0.106864
106	116	-0.506391
107	116	-0.0756933
108	116	-0.0737079
109	116	0.102052
110	116	0.383007
111	116	0.0654378
112	116	0.0525783
113	116	-0.797123
114	116	0.829666
115	116	0.00135495
116	116	0.348142
117	117	5.04965
118	117	1.4572
119	117	0.803381
120	117	-0.625033
121	117	-0.69378
122	117	-0.266382
123	117	-0.158592
124	117	0.0976488
149	117	-0.412983
150	117	-3.10642
151	117	-0.312047
152	117	-0.391683
153	117	-0.0491979
154	117	-0.225383
155	117	-0.0394584
156	117	-0.0330154
117	118	1.4572
118	118	4.98765
119	118	0.803435
120	118	0.619848
121	118	-3.04157
122	118	-0.402293
123	118	-0.318823
124	118	0.387769
149	118	-0.274433
150	118	-0.693103
151	118	-0.152123
152	118	-0.099659
153	118	-0.182977
154	118	-1.38108
155	118	-0.162064
156	118	-0.197651
117	119	0.803381
118	119	0.803435
119	119	0.285734
120	119	0.000290565
121	119	-0.44868
122	119	-0.120313
123	119	-0.0796494
124	119	0.0648191
149	119	-0.114956
150	119	-0.443792
151	119	-0.0765916
152	119	-0.0654043
153	119	-0.0365607
154	119	-0.167957
155	119	-0.0258712
156	119	-0.0245196
117	120	-0.625033
118	120	0.619848
119	120	0.000290565
120	120	0.282238
121	120	-0.415277
122	120	-0.02748
123	120	-0.0322943
124	120	0.0551022
149	120	0.0261876
150	120	0.418651
151	120	0.0317705
152	120	0.0544939
153	120	-0.024599
154	120	-0.198527
155	120	-0.0230339
156	120	-0.028891
85	121	-0.41065
86	121	-0.266601
87	121	-0.121291
88	121	0.0285109
117	121	-0.69378
118	121	-3.04157
119	121	-0.44868
120	121	-0.415277
121	121	7.37285
122	121	1.91338
123	121	1.02902
124	121	-0.80682
125	121	-3.20116
126	121	-0.707909
127	121	-0.459433
128	121	0.430218
85	122	-3.08841
86	122	-0.690618
87	122	-0.449718
88	122	0.420316
117	122	-0.266382
118	122	-0.402293
119	122	-0.120313
120	122	-0.02748
121	122	1.91338
122	122	7.44844
123	122	1.03129
124	122	0.80956
125	122	-0.427016
126	122	-0.278752
127	122	-0.125166
128	122	0.0297761
85	123	-0.320108
86	123	-0.158327
87	123	-0.0796253
88	123	0.0323512
117	123	-0.158592
118	123	-0.318823
119	123	-0.0796494
120	123	-0.0322943
121	123	1.02902
122	123	1.03129
123	123	0.346983
124	123	0.00017806
125	123	-0.333414
126	123	-0.162873
127	123	-0.0819192
128	123	0.033874
85	124	-0.389777
86	124	-0.095921
87	124	-0.0647362
88	124	0.0559562
117	124	0.0976488
118	124	0.387769
119	124	0.0648191
120	124	0.0551022
121	124	-0.80682
122	124	0.80956
123	124	0.00017806
124	124	0.345656
125	124	0.406144
126	124	0.0973739
127	124	0.0665037
128	124	-0.0581447
85	125	-0.0678547
86	125	-0.207495
87	125	-0.0369928
88	125	-0.0272923
121	125	-3.20116
122	125	-0.427016
123	125	-0.333414
124	125	0.406144
125	125	5.16656
126	125	1.48612
127	125	0.820514
128	125	-0.637509
129	125	-1.35661
130	125	-0.213837
131	125	-0.164877
132	125	0.197594
133	125	-0.275523
134	125	-0.707666
135	125	-0.1626
136	125	-0.0988802
85	126	-0.21003
86	126	-1.32098
87	126	-0.16346
88	126	-0.196201
121	126	-0.707909
122	126	-0.278752
123	126	-0.162873
124	126	0.0973739
125	126	1.48612
126	126	5.1545
127	126	0.818735
128	126	0.637066
129	126	-0.208281
130	126	-0.0751187
131	126	-0.0380123
132	126	0.0263671
133	126	-0.418085
134	126	-3.22103
135	126	-0.333191
136	126	-0.404704
85	127	-0.0371362
86	127	-0.159857
87	127	-0.0250453
88	127	-0.0228537
121	127	-0.459433
122	127	-0.125166
123	127	-0.0819192
124	127	0.0665037
125	127	0.820514
126	127	0.818735
127	127	0.290073
128	127	0.000256703
129	127	-0.161039
130	127	-0.0365032
131	127	-0.0251075
132	127	0.0230815
133	127	-0.125764
134	127	-0.45832
135	127	-0.0818573
136	127	-0.0662034
85	128	-0.0281134
86	128	-0.192074
87	128	-0.0231998
88	128	-0.0289113
121	128	0.430218
122	128	0.0297761
123	128	0.033874
124	128	-0.0581447
125	128	-0.637509
126	128	0.637066
127	128	0.000256703
128	128	0.287776
129	128	0.197503
130	128	0.0275216
131	128	0.0234064
132	128	-0.0292703
133	128	-0.0288636
134	128	-0.434651
135	128	-0.0338389
136	128	-0.0577854
125	129	-1.35661
126	129	-0.208281
127	129	-0.161039
128	129	0.197503
129	129	5.04965
130	129	1.4572
131	129	0.803381
132	129	-0.625033
133	129	-0.69378
134	129	-0.266382
135	129	-0.158592
136	129	0.0976488
157	129	-0.412983
158	129	-3.10642
159	129	-0.312047
160	129	-0.391683
161	129	-0.0491979
162	129	-0.225383
163	129	-0.0394584
164	129	-0.0330154
125	130	-0.213837
126	130	-0.0751187
127	130	-0.0365032
128	130	0.0275216
129	130	1.4572
130	130	4.98765
131	130	0.803435
132	130	0.619848
133	130	-3.04157
134	130	-0.402293
135	130	-0.318823
136	130	0.387769
157	130	-0.274433
158	130	-0.693103
159	130	-0.152123
160	130	-0.099659
161	130	-0.182977
162	130	-1.38108
163	130	-0.162064
164	130	-0.197651
125	131	-0.164877
126	131	-0.0380123
127	131	-0.0251075
128	131	0.0234064
129	131	0.803381
130	131	0.803435
131	131	0.285734
132	131	0.000290565
133	131	-0.44868
134	131	-0.120313
135	131	-0.0796494
136	131	0.0648191
157	131	-0.114956
158	131	-0.443792
159	131	-0.0765916
160	131	-0.0654043
161	131	-0.0365607
162	131	-0.167957
163	131	-0.0258712
164	131	-0.0245196
125	132	0.197594
126	132	0.0263671
127	132	0.0230815
128	132	-0.0292703
129	132	-0.625033
130	132	0.619848
131	132	0.000290565
132	132	0.282238
133	132	-0.415277
134	132	-0.02748
135	132	-0.0322943
136	132	0.0551022
157	132	0.0261875
158	132	0.418651
159	132	0.0317705
160	132	0.0544939
161	132	-0.024599
162	132	-0.198527
163	132	-0.0230339
164	132	-0.028891
97	133	-0.41065
98	133	-0.266601
99	133	-0.121291
100	133	0.0285109
125	133	-0.275523
126	133	-0.418085
127	133	-0.125764
128	133	-0.0288636
129	133	-0.69378
130	133	-3.04157
131	133	-0.44868
132	133	-0.415277
133	133	7.37285
134	133	1.91338
135	133	1.02902
136	133	-0.80682
137	133	-3.20116
138	133	-0.707909
139	133	-0.459433
140	133	0.430218
97	134	-3.08841
98	134	-0.690618
99	134	-0.449718
100	134	0.420316
125	134	-0.707666
126	134	-3.22103
127	134	-0.45832
128	134	-0.434651
129	134	-0.266382
130	134	-0.402293
131	134	-0.120313
132	134	-0.02748
133	134	1.91338
134	134	7.44844
135	134	1.03129
136	134	0.80956
137	134	-0.427016
138	134	-0.278752
139	134	-0.125166
140	134	0.0297761
97	135	-0.320108
98	135	-0.158327
99	135	-0.0796253
100	135	0.0323512
125	135	-0.1626
126	135	-0.333191
127	135	-0.0818573
128	135	-0.0338389
129	135	-0.158592
130	135	-0.318823
131	135	-0.0796494
132	135	-0.0322943
133	135	1.02902
134	135	1.03129
135	135	0.346983
136	135	0.00017806
137	135	-0.333414
138	135	-0.162873
139	135	-0.0819192
140	135	0.033874
97	136	-0.389777
98	136	-0.095921
99	136	-0.0647362
100	136	0.0559562
125	136	-0.0988802
126	136	-0.404704
127	136	-0.0662034
128	136	-0.0577854
129	136	0.0976488
130	136	0.387769
131	136	0.0648191
132	136	0.0551022
133	136	-0.80682
134	136	0.80956
135	136	0.00017806
136	136	0.345656
137	136	0.406144
138	136	0.0973739
139	136	0.0665037
140	136	-0.0581447
97	137	-0.0678547
98	137	-0.207495
99	137	-0.0369928
100	137	-0.0272923
133	137	-3.20116
134	137	-0.427016
135	137	-0.333414
136	137	0.406144
137	137	5.16656
138	137	1.48612
139	137	0.820514
140	137	-0.637509
141	137	-1.35661
142	137	-0.213837
143	137	-0.164877
144	137	0.197594
145	137	-0.275523
146	137	-0.707666
147	137	-0.1626
148	137	-0.0988802
97	138	-0.21003
98	138	-1.32098
99	138	-0.16346
100	138	-0.196201
133	138	-0.707909
134	138	-0.278752
135	138	-0.162873
136	138	0.0973739
137	138	1.48612
138	138	5.1545
139	138	0.818735
140	138	0.637066
141	138	-0.208281
142	138	-0.0751187
143	138	-0.0380123
144	138	0.0263671
145	138	-0.418085
146	138	-3.22103
147	138	-0.333191
148	138	-0.404704
97	139	-0.0371362
98	139	-0.159857
99	139	-0.0250453
100	139	-0.0228537
133	139	-0.459433
134	139	-0.125166
135	139	-0.0819192
136	139	0.0665037
137	139	0.820514
138	139	0.818735
139	139	0.290073
140	139	0.000256705
141	139	-0.161039
142	139	-0.0365032
143	139	-0.0251075
144	139	0.0230815
145	139	-0.125764
146	139	-0.45832
147	139	-0.0818573
148	139	-0.0662034
97	140	-0.0281134
98	140	-0.192074
99	140	-0.0231998
100	140	-0.0289113
133	140	0.430218
134	140	0.0297761
135	140	0.033874
136	140	-0.0581447
137	140	-0.637509
138	140	0.637066
139	140	0.000256705
140	140	0.287776
141	140	0.197503
142	140	0.0275216
143	140	0.0234064
144	140	-0.0292703
145	140	-0.0288636
146	140	-0.434651
147	140	-0.0338389
148	140	-0.0577854
137	141	-1.35661
138	141	-0.208281
139	141	-0.161039
140	141	0.197503
141	141	5.04965
142	141	1.4572
143	141	0.803381
144	141	-0.625033
145	141	-0.69378
146	141	-0.266382
147	141	-0.158592
148	141	0.0976488
165	141	-0.412983
166	141	-3.10642
167	141	-0.312047
168	141	-0.391683
137	142	-0.213837
138	142	-0.0751187
139	142	-0.0365032
140	142	0.0275216
141	142	1.4572
142	142	4.98765
143	142	0.803435
144	142	0.619848
145	142	-3.04157
146	142	-0.402293
147	142	-0.318823
148	142	0.387769
165	142	-0.274433
166	142	-0.693103
167	142	-0.152123
168	142	-0.099659
137	143	-0.164877
138	143	-0.0380123
139	143	-0.0251075
140	143	0.0234064
141	143	0.803381
142	143	0.803435
143	143	0.285734
144	143	0.000290565
145	143	-0.44868
146	143	-0.120313
147	143	-0.0796494
148	143	0.0648191
165	143	-0.114956
166	143	-0.443792
167	143	-0.0765916
168	143	-0.0654043
137	144	0.197594
138	144	0.0263671
139	144	0.0230815
140	144	-0.0292703
141	144	-0.625033
142	144	0.619848
143	144	0.000290565
144	144	0.282238
145	144	-0.415277
146	144	-0.02748
147	144	-0.0322943
148	144	0.0551022
165	144	0.0261876
166	144	0.418651
167	144	0.0317705
168	144	0.0544939
109	145	-0.41065
110	145	-0.266601
111	145	-0.121291
112	145	0.0285109
137	145	-0.275523
138	145	-0.418085
139	145	-0.125764
140	145	-0.0288636
141	145	-0.69378
142	145	-3.04157
143	145	-0.44868
144	145	-0.415277
145	145	7.37285
146	145	1.91338
147	145	1.02902
148	145	-0.80682
109	146	-3.08841
110	146	-0.690618
111	146	-0.449718
112	146	0.420316
137	146	-0.707666
138	146	-3.22103
139	146	-0.45832
140	146	-0.434651
141	146	-0.266382
142	146	-0.402293
143	146	-0.120313
144	146	-0.02748
145	146	1.91338
146	146	7.44844
147	146	1.03129
148	146	0.80956
109	147	-0.320108
110	147	-0.158327
111	147	-0.0796253
112	147	0.0323512
137	147	-0.1626
138	147	-0.333191
139	147	-0.0818573
140	147	-0.0338389
141	147	-0.158592
142	147	-0.318823
143	147	-0.0796494
144	147	-0.0322943
145	147	1.02902
146	147	1.03129
147	147	0.346983
148	147	0.00017806
109	148	-0.389777
110	148	-0.095921
111	148	-0.0647362
112	148	0.0559562
137	148	-0.0988802
138	148	-0.404704
139	148	-0.0662034
140	148	-0.0577854
141	148	0.0976488
142	148	0.387769
143	148	0.0648191
144	148	0.0551022
145	148	-0.80682
146	148	0.80956
147	148	0.00017806
148	148	0.345656
117	149	-0.412983
118	149	-0.274433
119	149	-0.114956
120	149	0.0261876
149	149	7.43182
150	149	1.94689
151	149	1.04511
152	149	-0.830959
153	149	-3.84717
154	149	-0.753613
155	149	-0.522327
156	149	0.52701
