518	518	19796
1	1	6.77983
2	1	1.40453
3	1	0.75345
4	1	-0.580042
5	1	0.444192
6	1	-0.349937
7	1	0.290673
8	1	-0.228097
9	1	-0.481173
10	1	-0.122314
11	1	-0.0560988
12	1	0.00537397
13	1	0.00529465
14	1	-0.000437091
64	1	-0.15562
65	1	-0.41439
66	1	-0.0905812
67	1	-0.0573459
68	1	-0.00594122
69	1	0.00547364
70	1	0.00056985
1	2	1.40453
2	2	7.60885
3	2	0.80599
4	2	0.675594
5	2	0.50601
6	2	0.400196
7	2	0.331732
8	2	-0.478557
9	2	-3.90922
10	2	-0.339741
11	2	-0.364707
12	2	-0.278853
13	2	-0.220215
14	2	-0.185837
64	2	-0.340454
65	2	-3.17439
66	2	-0.254553
67	2	-0.293777
68	2	-0.234283
69	2	-0.184596
70	2	-0.156836
1	3	0.75345
2	3	0.80599
3	3	0.274478
4	3	0.00974254
5	3	-0.0187634
6	3	0.000814064
7	3	2.94012e-05
8	3	-0.121989
9	3	-0.340919
10	3	-0.0712498
11	3	-0.0442575
12	3	-0.00762758
13	3	0.000492243
14	3	4.16431e-05
64	3	-0.0831318
65	3	-0.289582
66	3	-0.0527744
67	3	-0.0404078
68	3	-0.0120656
69	3	-0.000975049
70	3	5.01508e-05
1	4	-0.580042
2	4	0.675594
3	4	0.00974254
4	4	0.290455
5	4	0.00639881
6	4	-0.0415527
7	4	0.00145613
8	4	-0.0554985
9	4	-0.365032
10	4	-0.0439616
11	4	-0.0521736
12	4	-0.0319277
13	4	-0.0106954
14	4	-0.00174745
64	4	-0.0415718
65	4	-0.306036
66	4	-0.0328126
67	4	-0.0402754
68	4	-0.028201
69	4	-0.0129933
70	4	-0.00413241
1	5	0.444192
2	5	0.50601
3	5	-0.0187634
4	5	0.00639881
5	5	0.286124
6	5	0.00487929
7	5	-0.058313
8	5	0.0054995
9	5	-0.278745
10	5	-0.00743765
11	5	-0.03166
12	5	-0.0384643
13	5	-0.0247575
14	5	-0.0104761
64	5	0.000464625
65	5	-0.231193
66	5	-0.00605177
67	5	-0.0215136
68	5	-0.0284681
69	5	-0.0219205
70	5	-0.0122478
1	6	-0.349937
2	6	0.400196
3	6	0.000814064
4	6	-0.0415527
5	6	0.00487929
6	6	0.284605
7	6	0.00409828
8	6	0.00518052
9	6	-0.220164
10	6	0.000496581
11	6	-0.0104943
12	6	-0.0245373
13	6	-0.0276577
14	6	-0.0201345
64	6	0.00397283
65	6	-0.181379
66	6	1.3694e-06
67	6	-0.00739494
68	6	-0.0167039
69	6	-0.0204348
70	6	-0.0180525
1	7	0.290673
2	7	0.331732
3	7	2.94012e-05
4	7	0.00145613
5	7	-0.058313
6	7	0.00409828
7	7	0.268945
8	7	-0.000422814
9	7	-0.185592
10	7	3.45377e-05
11	7	-0.00169019
12	7	-0.0102921
13	7	-0.0199645
14	7	-0.0239181
64	7	7.60988e-05
65	7	-0.146232
66	7	-5.4641e-05
67	7	-0.00179128
68	7	-0.00728055
69	7	-0.0140132
70	7	-0.0185594
1	8	-0.228097
2	8	-0.478557
3	8	-0.121989
4	8	-0.0554985
5	8	0.0054995
6	8	0.00518052
7	8	-0.000422814
8	8	7.01482
9	8	1.39114
10	8	0.770266
11	8	-0.616183
12	8	0.464938
13	8	-0.366716
14	8	0.298606
15	8	-3.32185
16	8	-0.327703
17	8	-0.251719
18	8	0.300875
19	8	-0.245988
20	8	0.194307
21	8	-0.16646
71	8	-0.332727
72	8	-0.109273
73	8	-0.0649362
74	8	0.0482378
75	8	-0.0111459
76	8	-0.00267585
77	8	0.000390884
1	9	-0.481173
2	9	-3.90922
3	9	-0.340919
4	9	-0.365032
5	9	-0.278745
6	9	-0.220164
7	9	-0.185592
8	9	1.39114
9	9	7.13718
10	9	0.776371
11	9	0.6286
12	9	0.47292
13	9	0.37202
14	9	0.305262
15	9	-0.473147
16	9	-0.166321
17	9	-0.100155
18	9	0.0678545
19	9	-0.00912793
20	9	-0.00681533
21	9	0.00142278
71	9	-2.62884
72	9	-0.26955
73	9	-0.205468
74	9	0.245244
75	9	-0.20033
76	9	0.157942
77	9	-0.132158
1	10	-0.122314
2	10	-0.339741
3	10	-0.0712498
4	10	-0.0439616
5	10	-0.00743765
6	10	0.000496581
7	10	3.45377e-05
8	10	0.770266
9	10	0.776371
10	10	0.272993
11	10	0.00144287
12	10	-0.0194742
13	10	-0.000181043
14	10	-9.06919e-05
15	10	-0.32052
16	10	-0.0849761
17	10	-0.0556331
18	10	0.0456666
19	10	-0.0155524
20	10	0.00163456
21	10	0.000193454
71	10	-0.237086
72	10	-0.0597656
73	10	-0.0395195
74	10	0.0334065
75	10	-0.0124994
76	10	0.00217046
77	10	-0.000290255
1	11	-0.0560988
2	11	-0.364707
3	11	-0.0442575
4	11	-0.0521736
5	11	-0.03166
6	11	-0.0104943
7	11	-0.00169019
8	11	-0.616183
9	11	0.6286
10	11	0.00144287
11	11	0.289008
12	11	0.000919585
13	11	-0.0421674
14	11	-0.000108224
15	11	0.324338
16	11	0.036276
17	11	0.0305051
18	11	-0.0414592
19	11	0.032511
20	11	-0.0166165
21	11	0.00564303
71	11	-0.258594
72	11	-0.0359491
73	11	-0.0275254
74	11	0.0325016
75	11	-0.0227494
76	11	0.0115838
77	11	-0.00480905
1	12	0.00537397
2	12	-0.278853
3	12	-0.00762758
4	12	-0.0319277
5	12	-0.0384643
6	12	-0.0245373
7	12	-0.0102921
8	12	0.464938
9	12	0.47292
10	12	-0.0194742
11	12	0.000919585
12	12	0.285193
13	12	0.000612238
14	12	-0.0591716
15	12	-0.240092
16	12	0.00304577
17	12	-0.00381807
18	12	0.019264
19	12	-0.0291142
20	12	0.0250809
21	12	-0.0152955
71	12	-0.197819
72	12	-0.00406708
73	12	-0.00697171
74	12	0.0175288
75	12	-0.0219241
76	12	0.0176059
77	12	-0.0111728
1	13	0.00529465
2	13	-0.220215
3	13	0.000492243
4	13	-0.0106954
5	13	-0.0247575
6	13	-0.0276577
7	13	-0.0199645
8	13	-0.366716
9	13	0.37202
10	13	-0.000181043
11	13	-0.0421674
12	13	0.000612238
13	13	0.283169
14	13	0.000449876
15	13	0.188109
16	13	-0.0032901
17	13	-0.000178199
18	13	-0.00552214
19	13	0.0147424
20	13	-0.020626
21	13	0.0202469
71	13	-0.153311
72	13	0.00316925
73	13	-0.000600162
74	13	0.00690924
75	13	-0.0137511
76	13	0.0163368
77	13	-0.014965
1	14	-0.000437091
2	14	-0.185837
3	14	4.16431e-05
4	14	-0.00174745
5	14	-0.0104761
6	14	-0.0201345
7	14	-0.0239181
8	14	0.298606
9	14	0.305262
10	14	-9.06919e-05
11	14	-0.000108224
12	14	-0.0591716
13	14	0.000449876
14	14	0.26494
15	14	-0.146098
16	14	0.000238521
17	14	-5.5062e-05
18	14	0.00105162
19	14	-0.0055116
20	14	0.0123431
21	14	-0.0183836
71	14	-0.119592
72	14	-0.000159602
73	14	-0.000160962
74	14	0.0023771
75	14	-0.00697931
76	14	0.0118466
77	14	-0.014898
8	15	-3.32185
9	15	-0.473147
10	15	-0.32052
11	15	0.324338
12	15	-0.240092
13	15	0.188109
14	15	-0.146098
15	15	7.9078
16	15	1.71744
17	15	0.866502
18	15	-0.617491
19	15	0.500909
20	15	-0.397352
21	15	0.342207
22	15	-0.333377
23	15	-0.546466
24	15	-0.157636
25	15	-0.0439968
26	15	0.0138895
27	15	0.000279382
28	15	-0.000148434
71	15	-0.266845
72	15	-0.493235
73	15	-0.134449
74	15	-0.0491273
75	15	0.00981122
76	15	0.00303504
77	15	-0.000293396
8	16	-0.327703
9	16	-0.166321
10	16	-0.0849761
11	16	0.036276
12	16	0.00304577
13	16	-0.0032901
14	16	0.000238521
15	16	1.71744
16	16	9.9374
17	16	0.991069
18	16	0.848899
19	16	0.65137
20	16	0.515479
21	16	0.440986
22	16	-0.704978
23	16	-4.93167
24	16	-0.469277
25	16	-0.463119
26	16	-0.344103
27	16	-0.27447
28	16	-0.224859
71	16	-0.5755
72	16	-4.30795
73	16	-0.394522
74	16	-0.404554
75	16	-0.303707
76	16	-0.240872
77	16	-0.199958
8	17	-0.251719
9	17	-0.100155
10	17	-0.0556331
11	17	0.0305051
12	17	-0.00381807
13	17	-0.000178199
14	17	-5.5062e-05
15	17	0.866502
16	17	0.991069
17	17	0.317143
18	17	0.0240625
19	17	-0.0100956
20	17	0.000973654
21	17	0.000400475
22	17	-0.181471
23	17	-0.399511
24	17	-0.0951566
25	17	-0.0440359
26	17	-0.00210081
27	17	0.000434358
28	17	-4.41469e-05
71	17	-0.145525
72	17	-0.357903
73	17	-0.0803585
74	17	-0.0430625
75	17	-0.00452218
76	17	0.000600371
77	17	-3.15412e-05
8	18	0.300875
9	18	0.0678545
10	18	0.0456666
11	18	-0.0414592
12	18	0.019264
13	18	-0.00552214
14	18	0.00105162
15	18	-0.617491
16	18	0.848899
17	18	0.0240625
18	18	0.323464
19	18	0.0159488
20	18	-0.0328583
21	18	0.00263809
22	18	-0.082349
23	18	-0.44793
24	18	-0.0635524
25	18	-0.0680484
26	18	-0.0320025
27	18	-0.00570151
28	18	8.12483e-05
71	18	-0.0684356
72	18	-0.395311
73	18	-0.0527003
74	18	-0.058322
75	18	-0.0310342
76	18	-0.00787793
77	18	-0.000619721
8	19	-0.245988
9	19	-0.00912793
10	19	-0.0155524
11	19	0.032511
12	19	-0.0291142
13	19	0.0147424
14	19	-0.0055116
15	19	0.500909
16	19	0.65137
17	19	-0.0100956
18	19	0.0159488
19	19	0.308342
20	19	0.0122954
21	19	-0.0490605
22	19	0.0127852
23	19	-0.350141
24	19	-0.0122938
25	19	-0.0503653
26	19	-0.0505165
27	19	-0.0238807
28	19	-0.00629728
71	19	0.00724771
72	19	-0.306959
73	19	-0.0102128
74	19	-0.039909
75	19	-0.0432582
76	19	-0.0236846
77	19	-0.00805055
8	20	0.194307
9	20	-0.00681533
10	20	0.00163456
11	20	-0.0166165
12	20	0.0250809
13	20	-0.020626
14	20	0.0123431
15	20	-0.397352
16	20	0.515479
17	20	0.000973654
18	20	-0.0328583
19	20	0.0122954
20	20	0.301628
21	20	0.00970188
22	20	0.00896302
23	20	-0.275319
24	20	0.00140011
25	20	-0.0179871
26	20	-0.0394909
27	20	-0.0368391
28	20	-0.019247
71	20	0.00708935
72	20	-0.241956
73	20	0.00074345
74	20	-0.0142489
75	20	-0.0311086
76	20	-0.0312912
77	20	-0.0192214
8	21	-0.16646
9	21	0.00142278
10	21	0.000193454
11	21	0.00564303
12	21	-0.0152955
13	21	0.0202469
14	21	-0.0183836
15	21	0.342207
16	21	0.440986
17	21	0.000400475
18	21	0.00263809
19	21	-0.0490605
20	21	0.00970188
21	21	0.29459
22	21	-0.00296222
23	21	-0.234559
24	21	0.000319462
25	21	-0.00187281
26	21	-0.0181567
27	21	-0.0315755
28	21	-0.0296203
71	21	-0.00119101
72	21	-0.206366
73	21	0.000187691
74	21	-0.00209817
75	21	-0.0139999
76	21	-0.0249951
77	21	-0.0262262
15	22	-0.333377
16	22	-0.704978
17	22	-0.181471
18	22	-0.082349
19	22	0.0127852
20	22	0.00896302
21	22	-0.00296222
22	22	6.66931
23	22	1.54203
24	22	0.773646
25	22	-0.537683
26	22	0.425395
27	22	-0.336555
28	22	0.283572
29	22	-0.192736
30	22	-0.411073
31	22	-0.103067
32	22	-0.0486519
33	22	0.00299001
34	22	0.00453906
35	22	-4.22051e-05
15	23	-0.546466
16	23	-4.93167
17	23	-0.399511
18	23	-0.44793
19	23	-0.350141
20	23	-0.275319
21	23	-0.234559
22	23	1.54203
23	23	8.93645
24	23	0.91604
25	23	0.798653
26	23	0.597473
27	23	0.476422
28	23	0.397099
29	23	-0.451457
30	23	-3.56433
31	23	-0.317398
32	23	-0.337191
33	23	-0.256177
34	23	-0.202039
35	23	-0.167687
15	24	-0.157636
16	24	-0.469277
17	24	-0.0951566
18	24	-0.0635524
19	24	-0.0122938
20	24	0.00140011
21	24	0.000319462
22	24	0.773646
23	24	0.91604
24	24	0.294763
25	24	0.026364
26	24	-0.0166898
27	24	0.00217921
28	24	-0.000190038
29	24	-0.107655
30	24	-0.298834
31	24	-0.0625548
32	24	-0.0384883
33	24	-0.00667201
34	24	0.00024756
35	24	-6.10812e-06
15	25	-0.0439968
16	25	-0.463119
17	25	-0.0440359
18	25	-0.0680484
19	25	-0.0503653
20	25	-0.0179871
21	25	-0.00187281
22	25	-0.537683
23	25	0.798653
24	25	0.026364
25	25	0.303779
26	25	0.0180529
27	25	-0.0384986
28	25	0.0037581
29	25	-0.0576544
30	25	-0.331478
31	25	-0.042874
32	25	-0.0465227
33	25	-0.0265741
34	25	-0.00890521
35	25	-0.00173776
15	26	0.0138895
16	26	-0.344103
17	26	-0.00210081
18	26	-0.0320025
19	26	-0.0505165
20	26	-0.0394909
21	26	-0.0181567
22	26	0.425395
23	26	0.597473
24	26	-0.0166898
25	26	0.0180529
26	26	0.295603
27	26	0.0136536
28	26	-0.0549678
29	26	0.000328248
30	26	-0.257866
31	26	-0.00976617
32	26	-0.0304864
33	26	-0.0337851
34	26	-0.0205742
35	26	-0.0086941
15	27	0.000279382
16	27	-0.27447
17	27	0.000434358
18	27	-0.00570151
19	27	-0.0238807
20	27	-0.0368391
21	27	-0.0315755
22	27	-0.336555
23	27	0.476422
24	27	0.00217921
25	27	-0.0384986
26	27	0.0136536
27	27	0.291806
28	27	0.0116922
29	27	0.00594417
30	27	-0.203201
31	27	-1.15042e-05
32	27	-0.0119987
33	27	-0.0237265
34	27	-0.0241812
35	27	-0.0169386
15	28	-0.000148434
16	28	-0.224859
17	28	-4.41469e-05
18	28	8.12483e-05
19	28	-0.00629728
20	28	-0.019247
21	28	-0.0296203
22	28	0.283572
23	28	0.397099
24	28	-0.000190038
25	28	0.0037581
26	28	-0.0549678
27	28	0.0116922
28	28	0.278484
29	28	-1.59816e-05
30	28	-0.172276
31	28	9.30804e-05
32	28	-0.00280316
33	28	-0.0114737
34	28	-0.0193644
35	28	-0.021458
22	29	-0.192736
23	29	-0.451457
24	29	-0.107655
25	29	-0.0576544
26	29	0.000328248
27	29	0.00594417
28	29	-1.59816e-05
29	29	6.66887
30	29	1.40037
31	29	0.745861
32	29	-0.568317
33	29	0.435639
34	29	-0.343156
35	29	0.286283
36	29	-2.91909
37	29	-0.344259
38	29	-0.249741
39	29	0.278176
40	29	-0.216422
41	29	0.169712
42	29	-0.139879
78	29	-0.195414
79	29	-0.465251
80	29	-0.11006
81	29	-0.0601283
82	29	-0.000121706
83	29	0.00633852
84	29	2.00527e-05
22	30	-0.411073
23	30	-3.56433
24	30	-0.298834
25	30	-0.331478
26	30	-0.257866
27	30	-0.203201
28	30	-0.172276
29	30	1.40037
30	30	7.66046
31	30	0.809279
32	30	0.683033
33	30	0.509875
34	30	0.404155
35	30	0.335509
36	30	-0.338205
37	30	-0.134214
38	30	-0.0753552
39	30	0.0454308
40	30	-0.00425185
41	30	-0.00406447
42	30	7.54952e-05
78	30	-0.406479
79	30	-3.59587
80	30	-0.297536
81	30	-0.332959
82	30	-0.260388
83	30	-0.205171
84	30	-0.174517
22	31	-0.103067
23	31	-0.317398
24	31	-0.0625548
25	31	-0.042874
26	31	-0.00976617
27	31	-1.15042e-05
28	31	9.30804e-05
29	31	0.745861
30	31	0.809279
31	31	0.274005
32	31	0.0116188
33	31	-0.0190874
34	31	0.00111436
35	31	3.94903e-05
36	31	-0.246816
37	31	-0.0759159
38	31	-0.0468248
39	31	0.0335784
40	31	-0.00887413
41	31	0.000642064
42	31	-8.10006e-05
78	31	-0.103334
79	31	-0.324534
80	31	-0.0632336
81	31	-0.0441949
82	31	-0.0105139
83	31	-7.01716e-05
84	31	0.000128333
22	32	-0.0486519
23	32	-0.337191
24	32	-0.0384883
25	32	-0.0465227
26	32	-0.0304864
27	32	-0.0119987
28	32	-0.00280316
29	32	-0.568317
30	32	0.683033
31	32	0.0116188
32	32	0.28982
33	32	0.00763569
34	32	-0.0417885
35	32	0.00187594
36	32	0.27707
37	32	0.0466767
38	32	0.034177
39	32	-0.0369031
40	32	0.0224385
41	32	-0.00935114
42	32	0.00297752
78	32	-0.0469869
79	32	-0.341212
80	32	-0.0377912
81	32	-0.0469002
82	32	-0.0316504
83	32	-0.0128176
84	32	-0.0030578
22	33	0.00299001
23	33	-0.256177
24	33	-0.00667201
25	33	-0.0265741
26	33	-0.0337851
27	33	-0.0237265
28	33	-0.0114737
29	33	0.435639
30	33	0.509875
31	33	-0.0190874
32	33	0.00763569
33	33	0.285718
34	33	0.00582545
35	33	-0.0584427
36	33	-0.216677
37	33	-0.00484235
38	33	-0.00938266
39	33	0.022967
40	33	-0.0257333
41	33	0.0175261
42	33	-0.00911036
78	33	0.00368958
79	33	-0.25794
80	33	-0.0060232
81	33	-0.0259372
82	33	-0.0340552
83	33	-0.0246334
84	33	-0.0122049
22	34	0.00453906
23	34	-0.202039
24	34	0.00024756
25	34	-0.00890521
26	34	-0.0205742
27	34	-0.0241812
28	34	-0.0193644
29	34	-0.343156
30	34	0.404155
31	34	0.00111436
32	34	-0.0417885
33	34	0.00582545
34	34	0.284548
35	34	0.00498176
36	34	0.170035
37	34	-0.004122
38	34	0.000747779
39	34	-0.00980485
40	34	0.0179303
41	34	-0.0187526
42	34	0.0147963
78	34	0.00424832
79	34	-0.203508
80	34	0.00029177
81	34	-0.00830892
82	34	-0.0200259
83	34	-0.024351
84	34	-0.0200375
22	35	-4.22051e-05
23	35	-0.167687
24	35	-6.10812e-06
25	35	-0.00173776
26	35	-0.0086941
27	35	-0.0169386
28	35	-0.021458
29	35	0.286283
30	35	0.335509
31	35	3.94903e-05
32	35	0.00187594
33	35	-0.0584427
34	35	0.00498176
35	35	0.269309
36	35	-0.140869
37	35	0.000122859
38	35	-7.88614e-05
39	35	0.00318485
40	35	-0.00951448
41	35	0.0151149
42	35	-0.0172668
78	35	-1.26935e-05
79	35	-0.167903
80	35	-1.86351e-05
81	35	-0.00151813
82	35	-0.00815223
83	35	-0.0164951
84	35	-0.0215362
29	36	-2.91909
30	36	-0.338205
31	36	-0.246816
32	36	0.27707
33	36	-0.216677
34	36	0.170035
35	36	-0.140869
36	36	7.82366
37	36	1.46507
38	36	0.826979
39	36	-0.681727
40	36	0.516579
41	36	-0.408619
42	36	0.343134
43	36	-0.138769
44	36	-0.300399
45	36	-0.073217
46	36	-0.036643
47	36	-2.92908e-05
48	36	0.00363261
49	36	4.76897e-05
78	36	-0.457302
79	36	-0.187592
80	36	-0.106523
81	36	0.0600884
82	36	-0.00135025
83	36	-0.0063205
84	36	0.000158226
29	37	-0.344259
30	37	-0.134214
31	37	-0.0759159
32	37	0.0466767
33	37	-0.00484235
34	37	-0.004122
35	37	0.000122859
36	37	1.46507
37	37	7.22428
38	37	0.79034
39	37	0.613678
40	37	0.472309
41	37	0.373905
42	37	0.313518
43	37	-0.405764
44	37	-2.98182
45	37	-0.280659
46	37	-0.292564
47	37	-0.218685
48	37	-0.170436
49	37	-0.132792
78	37	-3.51587
79	37	-0.392476
80	37	-0.288712
81	37	0.325336
82	37	-0.255486
83	37	0.201279
84	37	-0.171282
29	38	-0.249741
30	38	-0.0753552
31	38	-0.0468248
32	38	0.034177
33	38	-0.00938266
34	38	0.000747779
35	38	-7.88614e-05
36	38	0.826979
37	38	0.79034
38	38	0.282864
39	38	-0.00707347
40	38	-0.0171691
41	38	-0.000302753
42	38	5.97501e-05
43	38	-0.0831341
44	38	-0.229782
45	38	-0.0480516
46	38	-0.0293067
47	38	-0.00518791
48	38	-3.463e-05
49	38	-8.5976e-05
78	38	-0.318652
79	38	-0.0992675
80	38	-0.0612418
81	38	0.0436801
82	38	-0.0109434
83	38	0.000235665
84	38	0.000128468
29	39	0.278176
30	39	0.0454308
31	39	0.0335784
32	39	-0.0369031
33	39	0.022967
34	39	-0.00980485
35	39	0.00318485
36	39	-0.681727
37	39	0.613678
38	39	-0.00707347
39	39	0.296628
40	39	-0.00469927
41	39	-0.0398039
42	39	-0.000759136
43	39	-0.0585366
44	39	-0.273632
45	39	-0.0397789
46	39	-0.0370827
47	39	-0.0184175
48	39	-0.00619164
49	39	-0.00162127
78	39	-0.334721
79	39	-0.0457017
80	39	-0.0366883
81	39	0.0455957
82	39	-0.0311408
83	39	0.0130078
84	39	-0.00331309
29	40	-0.216422
30	40	-0.00425185
31	40	-0.00887413
32	40	0.0224385
33	40	-0.0257333
34	40	0.0179303
35	40	-0.00951448
36	40	0.516579
37	40	0.472309
38	40	-0.0171691
39	40	-0.00469927
40	40	0.290373
41	40	-0.0035586
42	40	-0.05638
43	40	-0.0102886
44	40	-0.223096
45	40	-0.0140069
46	40	-0.0275577
47	40	-0.0256248
48	40	-0.0143426
49	40	-0.00620508
78	40	-0.252779
79	40	0.00312807
80	40	-0.00592868
81	40	0.0249243
82	40	-0.0329558
83	40	0.0242356
84	40	-0.0123371
29	41	0.169712
30	41	-0.00406447
31	41	0.000642064
32	41	-0.00935114
33	41	0.0175261
34	41	-0.0187526
35	41	0.0151149
36	41	-0.408619
37	41	0.373905
38	41	-0.000302753
39	41	-0.0398039
40	41	-0.0035586
41	41	0.288063
42	41	-0.00283774
43	41	0.00479325
44	41	-0.176188
45	41	-0.00186663
46	41	-0.0140727
47	41	-0.0213068
48	41	-0.0184863
49	41	-0.0121761
78	41	-0.19928
79	41	0.0041737
80	41	0.000243313
81	41	0.0080438
82	41	-0.0192516
83	41	0.0235511
84	41	-0.0197406
29	42	-0.139879
30	42	7.54952e-05
31	42	-8.10006e-05
32	42	0.00297752
33	42	-0.00911036
34	42	0.0147963
35	42	-0.0172668
36	42	0.343134
37	42	0.313518
38	42	5.97501e-05
39	42	-0.000759136
40	42	-0.05638
41	42	-0.00283774
42	42	0.274815
43	42	0.00104676
44	42	-0.150059
45	42	-3.82302e-05
46	42	-0.00525512
47	42	-0.0131752
48	42	-0.0176067
49	42	-0.0168069
78	42	-0.163638
79	42	3.08713e-05
80	42	-2.56123e-05
81	42	0.00154556
82	42	-0.00789124
83	42	0.0159089
84	42	-0.0209445
36	43	-0.138769
37	43	-0.405764
38	43	-0.0831341
39	43	-0.0585366
40	43	-0.0102886
41	43	0.00479325
42	43	0.00104676
43	43	6.07689
44	43	1.22157
45	43	0.696053
46	43	-0.571285
47	43	0.415243
48	43	-0.319511
49	43	0.235683
50	43	-2.7347
51	43	-0.227138
52	43	-0.185293
53	43	0.240136
54	43	-0.210292
55	43	0.169361
56	43	-0.144872
85	43	-0.102271
86	43	-0.383089
87	43	-0.0649924
88	43	-0.0580957
89	43	-0.0212188
90	43	3.81021e-05
91	43	0.00163832
36	44	-0.300399
37	44	-2.98182
38	44	-0.229782
39	44	-0.273632
40	44	-0.223096
41	44	-0.176188
42	44	-0.150059
43	44	1.22157
44	44	5.99705
45	44	0.690346
46	44	0.561278
47	44	0.408796
48	44	0.314176
49	44	0.232373
50	44	-0.420557
51	44	-0.114522
52	44	-0.0732033
53	44	0.0641874
54	44	-0.0219584
55	44	-0.00128689
56	44	0.0024394
85	44	-0.21469
86	44	-2.56801
87	44	-0.175134
88	44	-0.227081
89	44	-0.199061
90	44	-0.160441
91	44	-0.13679
36	45	-0.073217
37	45	-0.280659
38	45	-0.0480516
39	45	-0.0397789
40	45	-0.0140069
41	45	-0.00186663
42	45	-3.82302e-05
43	45	0.696053
44	45	0.690346
45	45	0.250472
46	45	-0.000971345
47	45	-0.0243907
48	45	-0.000164128
49	45	-0.000561082
50	45	-0.282176
51	45	-0.0572792
52	45	-0.0406825
53	45	0.0402193
54	45	-0.0197712
55	45	0.0052002
56	45	-0.00066464
85	45	-0.052031
86	45	-0.260667
87	45	-0.0370594
88	45	-0.0369033
89	45	-0.0184866
90	45	-0.00516433
91	45	-0.000857115
36	46	-0.036643
37	46	-0.292564
38	46	-0.0293067
39	46	-0.0370827
40	46	-0.0275577
41	46	-0.0140727
42	46	-0.00525512
43	46	-0.571285
44	46	0.561278
45	46	-0.000971345
46	46	0.272299
47	46	-0.000655164
48	46	-0.0474535
49	46	-0.000235293
50	46	0.280712
51	46	0.0263295
52	46	0.0224261
53	46	-0.0316286
54	46	0.0277016
55	46	-0.0177042
56	46	0.00875905
85	46	-0.0262725
86	46	-0.264748
87	46	-0.0219094
88	46	-0.0298933
89	46	-0.0254126
90	46	-0.016084
91	46	-0.00819519
36	47	-2.92908e-05
37	47	-0.218685
38	47	-0.00518791
39	47	-0.0184175
40	47	-0.0256248
41	47	-0.0213068
42	47	-0.0131752
43	47	0.415243
44	47	0.408796
45	47	-0.0243907
46	47	-0.000655164
47	47	0.273658
48	47	-0.0005498
49	47	-0.0659294
50	47	-0.203204
51	47	0.000352595
52	47	-0.00299732
53	47	0.0125
54	47	-0.0204632
55	47	0.0207514
56	47	-0.0160833
85	47	-0.000985892
86	47	-0.192988
87	47	-0.00368928
88	47	-0.0124196
89	47	-0.0191941
90	47	-0.0190682
91	47	-0.0148746
36	48	0.00363261
37	48	-0.170436
38	48	-3.463e-05
39	48	-0.00619164
40	48	-0.0143426
41	48	-0.0184863
42	48	-0.0176067
43	48	-0.319511
44	48	0.314176
45	48	-0.000164128
46	48	-0.0474535
47	48	-0.0005498
48	48	0.269537
49	48	-0.000375202
50	48	0.153216
51	48	-0.00320621
52	48	1.97094e-06
53	48	-0.0037012
54	48	0.00975598
55	48	-0.0147914
56	48	0.0169191
85	48	0.00318694
86	48	-0.144841
87	48	-0.000126712
88	48	-0.0039902
89	48	-0.00977657
90	48	-0.0141898
91	48	-0.0158023
36	49	4.76897e-05
37	49	-0.132792
38	49	-8.5976e-05
39	49	-0.00162127
40	49	-0.00620508
41	49	-0.0121761
42	49	-0.0168069
43	49	0.235683
44	49	0.232373
45	49	-0.000561082
46	49	-0.000235293
47	49	-0.0659294
48	49	-0.000375202
49	49	0.237042
50	49	-0.105382
51	49	7.12738e-05
52	49	-8.92622e-05
53	49	0.00100596
54	49	-0.00385114
55	49	0.00834409
56	49	-0.0129701
85	49	-2.92034e-05
86	49	-0.0997433
87	49	-0.000119358
88	49	-0.00124319
89	49	-0.00418005
90	49	-0.00839122
91	49	-0.0123772
43	50	-2.7347
44	50	-0.420557
45	50	-0.282176
46	50	0.280712
47	50	-0.203204
48	50	0.153216
49	50	-0.105382
50	50	8.54636
51	50	1.83099
52	50	0.928425
53	50	-0.668316
54	50	0.541494
55	50	-0.43013
56	50	0.368786
57	50	-0.219686
58	50	-0.370263
59	50	-0.104295
60	50	-0.0317624
61	50	0.00741399
62	50	0.0011938
63	50	0.000159981
85	50	-0.699408
86	50	-0.413945
87	50	-0.200501
88	50	0.0595141
89	50	0.0199388
90	50	-0.000629216
91	50	-0.00160072
43	51	-0.227138
44	51	-0.114522
45	51	-0.0572792
46	51	0.0263295
47	51	0.000352595
48	51	-0.00320621
49	51	7.12738e-05
50	51	1.83099
51	51	10.3082
52	51	1.03586
53	51	0.868226
54	51	0.674187
55	51	0.535216
56	51	0.456238
57	51	-0.620976
58	51	-3.93439
59	51	-0.402976
60	51	-0.384098
61	51	-0.279949
62	51	-0.220508
63	51	-0.164884
85	51	-5.59309
86	51	-0.724426
87	51	-0.499579
88	51	0.515141
89	51	-0.388619
90	51	0.308633
91	51	-0.260434
43	52	-0.185293
44	52	-0.0732033
45	52	-0.0406825
46	52	0.0224261
47	52	-0.00299732
48	52	1.97094e-06
49	52	-8.92622e-05
50	52	0.928425
51	52	1.03586
52	52	0.333609
53	52	0.0204271
54	52	-0.00817771
55	52	0.00115444
56	52	0.000180565
57	52	-0.134743
58	52	-0.286015
59	52	-0.0693037
60	52	-0.0303963
61	52	-0.00104466
62	52	0.000136021
63	52	-1.1178e-05
85	52	-0.488862
86	52	-0.20466
87	52	-0.111887
88	52	0.0578839
89	52	-0.00464004
90	52	-0.00111059
91	52	-0.00010812
43	53	0.240136
44	53	0.0641874
45	53	0.0402193
46	53	-0.0316286
47	53	0.0125
48	53	-0.0037012
49	53	0.00100596
50	53	-0.668316
51	53	0.868226
52	53	0.0204271
53	53	0.335224
54	53	0.0142111
55	53	-0.0302264
56	53	0.00225627
57	53	-0.090017
58	53	-0.349551
59	53	-0.0584681
60	53	-0.0486408
61	53	-0.0187793
62	53	-0.00360772
63	53	-0.000249856
85	53	-0.513201
86	53	-0.0655661
87	53	-0.0610858
88	53	0.0812476
89	53	-0.0458684
90	53	0.00940653
91	53	0.000415788
43	54	-0.210292
44	54	-0.0219584
45	54	-0.0197712
46	54	0.0277016
47	54	-0.0204632
48	54	0.00975598
49	54	-0.00385114
50	54	0.541494
51	54	0.674187
52	54	-0.00817771
53	54	0.0142111
54	54	0.316906
55	54	0.0106887
56	54	-0.0465251
57	54	-0.00843447
58	54	-0.289786
59	54	-0.020312
60	54	-0.0432462
61	54	-0.0341485
62	54	-0.0136767
63	54	-0.00373582
85	54	-0.389506
86	54	0.0205344
87	54	-0.00606295
88	54	0.0490102
89	54	-0.0614038
90	54	0.0355642
91	54	-0.0105866
43	55	0.169361
44	55	-0.00128689
45	55	0.0052002
46	55	-0.0177042
47	55	0.0207514
48	55	-0.0147914
49	55	0.00834409
50	55	-0.43013
51	55	0.535216
52	55	0.00115444
53	55	-0.0302264
54	55	0.0106887
55	55	0.307661
56	55	0.00871068
57	55	0.0118859
58	55	-0.228368
59	55	-0.00152417
60	55	-0.0233151
61	55	-0.033063
62	55	-0.0236046
63	55	-0.0112247
85	55	-0.308595
86	55	0.00189126
87	55	0.00137786
88	55	0.0112698
89	55	-0.0383214
90	55	0.0461549
91	55	-0.0288191
43	56	-0.144872
44	56	0.0024394
45	56	-0.00066464
46	56	0.00875905
47	56	-0.0160833
48	56	0.0169191
49	56	-0.0129701
50	56	0.368786
51	56	0.456238
52	56	0.000180565
53	56	0.00225627
54	56	-0.0465251
55	56	0.00871068
56	56	0.299988
57	56	0.00216931
58	56	-0.19495
59	56	0.000771936
60	56	-0.00727596
61	56	-0.0212173
62	56	-0.0257654
63	56	-0.0197913
85	56	-0.261301
86	56	-0.00236834
87	56	-9.28009e-05
88	56	-0.000319193
89	56	-0.0124828
90	56	0.0310754
91	56	-0.0366425
50	57	-0.219686
51	57	-0.620976
52	57	-0.134743
53	57	-0.090017
54	57	-0.00843447
55	57	0.0118859
56	57	0.00216931
57	57	4.98868
58	57	1.39062
59	57	0.661073
60	57	-0.413164
61	57	0.322754
62	57	-0.245221
63	57	0.181031
211	57	-0.252951
212	57	-0.730144
213	57	-0.157887
214	57	-0.108103
215	57	-0.00989654
216	57	0.0163153
217	57	0.003128
50	58	-0.370263
51	58	-3.93439
52	58	-0.286015
53	58	-0.349551
54	58	-0.289786
55	58	-0.228368
56	58	-0.19495
57	58	1.39062
58	58	8.31849
59	58	0.881575
60	58	0.810624
61	58	0.584731
62	58	0.462573
63	58	0.338708
211	58	-0.395591
212	58	-4.33824
213	58	-0.30449
214	58	-0.380908
215	58	-0.320914
216	58	-0.252452
217	58	-0.213642
50	59	-0.104295
51	59	-0.402976
52	59	-0.0693037
53	59	-0.0584681
54	59	-0.020312
55	59	-0.00152417
56	59	0.000771936
57	59	0.661073
58	59	0.881575
59	59	0.275438
60	59	0.0393806
61	59	-0.0223009
62	59	0.00466867
63	59	-0.00121776
211	59	-0.114269
212	59	-0.461564
213	59	-0.0774134
214	59	-0.0679681
215	59	-0.0250726
216	59	-0.00186074
217	59	0.00134989
50	60	-0.0317624
51	60	-0.384098
52	60	-0.0303963
53	60	-0.0486408
54	60	-0.0432462
55	60	-0.0233151
56	60	-0.00727596
57	60	-0.413164
58	60	0.810624
59	60	0.0393806
60	60	0.287364
61	60	0.0269575
62	60	-0.0439394
63	60	0.00728549
211	60	-0.0274338
212	60	-0.424712
213	60	-0.0291874
214	60	-0.0524136
215	60	-0.0510202
216	60	-0.0293275
217	60	-0.00924448
50	61	0.00741399
51	61	-0.279949
52	61	-0.00104466
53	61	-0.0187793
54	61	-0.0341485
55	61	-0.033063
56	61	-0.0212173
57	61	0.322754
58	61	0.584731
59	61	-0.0223009
60	61	0.0269575
61	61	0.284523
62	61	0.0213134
63	61	-0.0617365
211	61	0.00860298
212	61	-0.308368
213	61	0.00037885
214	61	-0.0174183
215	61	-0.0361435
216	61	-0.0385581
217	61	-0.0265608
50	62	0.0011938
51	62	-0.220508
52	62	0.000136021
53	62	-0.00360772
54	62	-0.0136767
55	62	-0.0236046
56	62	-0.0257654
57	62	-0.245221
58	62	0.462573
59	62	0.00466867
60	62	-0.0439394
61	62	0.0213134
62	62	0.278745
63	62	0.0178387
211	62	-0.000941652
212	62	-0.242662
213	62	-0.000131132
214	62	-0.00238415
215	62	-0.0120653
216	62	-0.0244426
217	62	-0.0293848
50	63	0.000159981
51	63	-0.164884
52	63	-1.1178e-05
53	63	-0.000249856
54	63	-0.00373582
55	63	-0.0112247
56	63	-0.0197913
57	63	0.181031
58	63	0.338708
59	63	-0.00121776
60	63	0.00728549
61	63	-0.0617365
62	63	0.0178387
63	63	0.244532
211	63	-0.00062004
212	63	-0.173849
213	63	7.10238e-05
214	63	1.46419e-05
215	63	-0.00261288
216	63	-0.00974677
217	63	-0.0195712
1	64	-0.15562
2	64	-0.340454
3	64	-0.0831318
4	64	-0.0415718
5	64	0.000464625
6	64	0.00397283
7	64	7.60988e-05
64	64	8.14152
65	64	1.51024
66	64	0.850146
67	64	-0.699568
68	64	0.533598
69	64	-0.422763
70	64	0.360237
92	64	-3.59916
93	64	-0.468774
94	64	-0.326212
95	64	0.341914
96	64	-0.258092
97	64	0.203636
98	64	-0.167626
99	64	-0.190674
100	64	-0.395296
101	64	-0.100543
102	64	-0.0456021
103	64	0.00348638
104	64	0.00411308
105	64	3.15703e-05
1	65	-0.41439
2	65	-3.17439
3	65	-0.289582
4	65	-0.306036
5	65	-0.231193
6	65	-0.181379
7	65	-0.146232
64	65	1.51024
65	65	7.52291
66	65	0.811316
67	65	0.628637
68	65	0.487633
69	65	0.385639
70	65	0.329573
92	65	-0.403921
93	65	-0.195528
94	65	-0.103054
95	65	0.046383
96	65	0.00383351
97	65	-0.00415356
98	65	4.42527e-06
99	65	-0.463839
100	65	-3.54969
101	65	-0.322568
102	65	-0.3379
103	65	-0.254901
104	65	-0.20102
105	65	-0.164983
1	66	-0.0905812
2	66	-0.254553
3	66	-0.0527744
4	66	-0.0328126
5	66	-0.00605177
6	66	1.3694e-06
7	66	-5.4641e-05
64	66	0.850146
65	66	0.811316
66	66	0.288745
67	66	-0.00726024
68	66	-0.0155289
69	66	-0.000548869
70	66	0.000315376
92	66	-0.29641
93	66	-0.110478
94	66	-0.0632635
95	66	0.0374881
96	66	-0.00582947
97	66	-0.000297114
98	66	-2.20746e-05
99	66	-0.108283
100	66	-0.290966
101	66	-0.0620309
102	66	-0.036811
103	66	-0.00577341
104	66	0.000267948
105	66	-2.60338e-05
1	67	-0.0573459
2	67	-0.293777
3	67	-0.0404078
4	67	-0.0402754
5	67	-0.0215136
6	67	-0.00739494
7	67	-0.00179128
64	67	-0.699568
65	67	0.628637
66	67	-0.00726024
67	67	0.301496
68	67	-0.00477904
69	67	-0.0384589
70	67	-0.00102287
92	67	0.332797
93	67	0.0608877
94	67	0.044555
95	67	-0.0469012
96	67	0.0256602
97	67	-0.00811298
98	67	0.00145843
99	67	-0.0608624
100	67	-0.328082
101	67	-0.0442335
102	67	-0.0460909
103	67	-0.0250369
104	67	-0.00795335
105	67	-0.001476
1	68	-0.00594122
2	68	-0.234283
3	68	-0.0120656
4	68	-0.028201
5	68	-0.0284681
6	68	-0.0167039
7	68	-0.00728055
64	68	0.533598
65	68	0.487633
66	68	-0.0155289
67	68	-0.00477904
68	68	0.293338
69	68	-0.00363626
70	68	-0.0546704
92	68	-0.260788
93	68	-0.000376554
94	68	-0.0107866
95	68	0.0319636
96	68	-0.0340386
97	68	0.0197935
98	68	-0.00797092
99	68	-0.0011432
100	68	-0.257755
101	68	-0.0110529
102	68	-0.0316432
103	68	-0.0333557
104	68	-0.0193174
105	68	-0.00781276
1	69	0.00547364
2	69	-0.184596
3	69	-0.000975049
4	69	-0.0129933
5	69	-0.0219205
6	69	-0.0204348
7	69	-0.0140132
64	69	-0.422763
65	69	0.385639
66	69	-0.000548869
67	69	-0.0384589
68	69	-0.00363626
69	69	0.290754
70	69	-0.00301411
92	69	0.205477
93	69	-0.00646071
94	69	0.000105118
95	69	-0.0130905
96	69	0.0248758
97	69	-0.024329
98	69	0.0163091
99	69	0.00644924
100	69	-0.203073
101	69	-0.00020907
102	69	-0.0132084
103	69	-0.0246246
104	69	-0.0238304
105	69	-0.0159482
1	70	0.00056985
2	70	-0.156836
3	70	5.01508e-05
4	70	-0.00413241
5	70	-0.0122478
6	70	-0.0180525
7	70	-0.0185594
64	70	0.360237
65	70	0.329573
66	70	0.000315376
67	70	-0.00102287
68	70	-0.0546704
69	70	-0.00301411
70	70	0.281165
92	70	-0.174933
93	70	4.78468e-05
94	70	0.000140283
95	70	0.00316069
96	70	-0.0124438
97	70	0.0202152
98	70	-0.0215032
99	70	0.000138006
100	70	-0.172933
101	70	0.000140536
102	70	-0.00332064
103	70	-0.0125242
104	70	-0.0200267
105	70	-0.0211347
8	71	-0.332727
9	71	-2.62884
10	71	-0.237086
11	71	-0.258594
12	71	-0.197819
13	71	-0.153311
14	71	-0.119592
15	71	-0.266845
16	71	-0.5755
17	71	-0.145525
18	71	-0.0684356
19	71	0.00724771
20	71	0.00708935
21	71	-0.00119101
71	71	7.52385
72	71	1.55418
73	71	0.821669
74	71	-0.622534
75	71	0.48563
76	71	-0.383916
77	71	0.326744
106	71	-0.545876
107	71	-4.03407
108	71	-0.373225
109	71	-0.381622
110	71	-0.285646
111	71	-0.226311
112	71	-0.18612
113	71	-0.185046
114	71	-0.36147
115	71	-0.094669
116	71	-0.0393105
117	71	0.00424504
118	71	0.00333627
119	71	0.000197602
8	72	-0.109273
9	72	-0.26955
10	72	-0.0597656
11	72	-0.0359491
12	72	-0.00406708
13	72	0.00316925
14	72	-0.000159602
15	72	-0.493235
16	72	-4.30795
17	72	-0.357903
18	72	-0.395311
19	72	-0.306959
20	72	-0.241956
21	72	-0.206366
71	72	1.55418
72	72	8.45271
73	72	0.880698
74	72	0.729677
75	72	0.555927
76	72	0.441839
77	72	0.373434
106	72	-0.238709
107	72	-0.45026
108	72	-0.121179
109	72	-0.0462818
110	72	0.00789306
111	72	0.00325255
112	72	-8.92813e-05
113	72	-0.491399
114	72	-3.50791
115	72	-0.333794
116	72	-0.338873
117	72	-0.251738
118	72	-0.198215
119	72	-0.157363
8	73	-0.0649362
9	73	-0.205468
10	73	-0.0395195
11	73	-0.0275254
12	73	-0.00697171
13	73	-0.000600162
14	73	-0.000160962
15	73	-0.134449
16	73	-0.394522
17	73	-0.0803585
18	73	-0.0527003
19	73	-0.0102128
20	73	0.00074345
21	73	0.000187691
71	73	0.821669
72	73	0.880698
73	73	0.29542
74	73	0.0107543
75	73	-0.0151585
76	73	0.00108533
77	73	0.000139322
106	73	-0.133345
107	73	-0.330157
108	73	-0.0738046
109	73	-0.0398506
110	73	-0.0043882
111	73	0.000494477
112	73	-3.81189e-05
113	73	-0.109086
114	73	-0.273303
115	73	-0.0605726
116	73	-0.0331173
117	73	-0.00400958
118	73	0.000264938
119	73	-5.08695e-05
8	74	0.0482378
9	74	0.245244
10	74	0.0334065
11	74	0.0325016
12	74	0.0175288
13	74	0.00690924
14	74	0.0023771
15	74	-0.0491273
16	74	-0.404554
17	74	-0.0430625
18	74	-0.058322
19	74	-0.039909
20	74	-0.0142489
21	74	-0.00209817
71	74	-0.622534
72	74	0.729677
73	74	0.0107543
74	74	0.305673
75	74	0.0072843
76	74	-0.0376227
77	74	0.00172419
106	74	0.0684273
107	74	0.369969
108	74	0.0507787
109	74	0.0536372
110	74	0.0278939
111	74	0.00738682
112	74	0.000797272
113	74	-0.0681681
114	74	-0.319615
115	74	-0.047068
116	74	-0.0446626
117	74	-0.0215786
118	74	-0.00609491
119	74	-0.00102445
8	75	-0.0111459
9	75	-0.20033
10	75	-0.0124994
11	75	-0.0227494
12	75	-0.0219241
13	75	-0.0137511
14	75	-0.00697931
15	75	0.00981122
16	75	-0.303707
17	75	-0.00452218
18	75	-0.0310342
19	75	-0.0432582
20	75	-0.0311086
21	75	-0.0139999
71	75	0.48563
72	75	0.555927
73	75	-0.0151585
74	75	0.0072843
75	75	0.296445
76	75	0.00549025
77	75	-0.0539454
106	75	0.00364289
107	75	-0.289525
108	75	-0.0112753
109	75	-0.0377962
110	75	-0.0394348
111	75	-0.0212731
112	75	-0.00744438
113	75	-0.00522117
114	75	-0.257103
115	75	-0.0141809
116	75	-0.033867
117	75	-0.0318878
118	75	-0.0164879
119	75	-0.00606927
8	76	-0.00267585
9	76	0.157942
10	76	0.00217046
11	76	0.0115838
12	76	0.0176059
13	76	0.0163368
14	76	0.0118466
15	76	0.00303504
16	76	-0.240872
17	76	0.000600371
18	76	-0.00787793
19	76	-0.0236846
20	76	-0.0312912
21	76	-0.0249951
71	76	-0.383916
72	76	0.441839
73	76	0.00108533
74	76	-0.0376227
75	76	0.00549025
76	76	0.292743
77	76	0.00478503
106	76	-0.00762029
107	76	0.228077
108	76	-0.000393342
109	76	0.014785
110	76	0.0294339
111	76	0.0282811
112	76	0.0173599
113	76	0.00749724
114	76	-0.202666
115	76	-0.00086775
116	76	-0.0160638
117	76	-0.0262456
118	76	-0.0226105
119	76	-0.0136921
8	77	0.000390884
9	77	-0.132158
10	77	-0.000290255
11	77	-0.00480905
12	77	-0.0111728
13	77	-0.014965
14	77	-0.014898
15	77	-0.000293396
16	77	-0.199958
17	77	-3.15412e-05
18	77	-0.000619721
19	77	-0.00805055
20	77	-0.0192214
21	77	-0.0262262
71	77	0.326744
72	77	0.373434
73	77	0.000139322
74	77	0.00172419
75	77	-0.0539454
76	77	0.00478503
77	77	0.282149
106	77	-0.000624392
107	77	-0.194844
108	77	0.000230976
109	77	-0.00283993
110	77	-0.0142278
111	77	-0.0236518
112	77	-0.0241328
113	77	0.000830522
114	77	-0.173563
115	77	0.000253517
116	77	-0.00475068
117	77	-0.0149349
118	77	-0.0211486
119	77	-0.0199714
29	78	-0.195414
30	78	-0.406479
31	78	-0.103334
32	78	-0.0469869
33	78	0.00368958
34	78	0.00424832
35	78	-1.26935e-05
36	78	-0.457302
37	78	-3.51587
38	78	-0.318652
39	78	-0.334721
40	78	-0.252779
41	78	-0.19928
42	78	-0.163638
78	78	6.46543
79	78	1.52137
80	78	0.762156
81	78	-0.527274
82	78	0.413769
83	78	-0.324975
84	78	0.26817
120	78	-0.300611
121	78	-0.744532
122	78	-0.176258
123	78	-0.10038
124	78	0.00348915
125	78	0.0147327
126	78	-0.00125958
127	78	-0.222144
128	78	-1.99497
129	78	-0.167048
130	78	-0.199055
131	78	-0.161163
132	78	-0.123283
133	78	-0.0918279
29	79	-0.465251
30	79	-3.59587
31	79	-0.324534
32	79	-0.341212
33	79	-0.25794
34	79	-0.203508
35	79	-0.167903
36	79	-0.187592
37	79	-0.392476
38	79	-0.0992675
39	79	-0.0457017
40	79	0.00312807
41	79	0.0041737
42	79	3.08713e-05
78	79	1.52137
79	79	8.71669
80	79	0.906661
81	79	0.790496
82	79	0.588463
83	79	0.469219
84	79	0.379252
120	79	-0.470418
121	79	-4.73598
122	79	-0.35478
123	79	-0.422964
124	79	-0.343381
125	79	-0.26903
126	79	-0.228402
127	79	-0.0567145
128	79	-0.204719
129	79	-0.0362047
130	79	-0.0294193
131	79	-0.00956703
132	79	-0.000408017
133	79	0.000133406
29	80	-0.11006
30	80	-0.297536
31	80	-0.0632336
32	80	-0.0377912
33	80	-0.0060232
34	80	0.00029177
35	80	-1.86351e-05
36	80	-0.106523
37	80	-0.288712
38	80	-0.0612418
39	80	-0.0366883
40	80	-0.00592868
41	80	0.000243313
42	80	-2.56123e-05
78	80	0.762156
79	80	0.906661
80	80	0.292372
81	80	0.0262386
82	80	-0.0178285
83	80	0.002659
84	80	-0.000436432
120	80	-0.13709
121	80	-0.479442
122	80	-0.0882931
123	80	-0.0688612
124	80	-0.0195008
125	80	0.000449644
126	80	0.000998713
127	80	-0.0372258
128	80	-0.157357
129	80	-0.0249343
130	80	-0.0218302
131	80	-0.00898954
132	80	-0.00217834
133	80	-0.000625433
29	81	-0.0601283
30	81	-0.332959
31	81	-0.0441949
32	81	-0.0469002
33	81	-0.0259372
34	81	-0.00830892
35	81	-0.00151813
36	81	0.0600884
37	81	0.325336
38	81	0.0436801
39	81	0.0455957
40	81	0.0249243
41	81	0.0080438
42	81	0.00154556
78	81	-0.527274
79	81	0.790496
80	81	0.0262386
81	81	0.30127
82	81	0.0181868
83	81	-0.0396097
84	81	0.0042758
120	81	-0.0335007
121	81	-0.453457
122	81	-0.0357187
123	81	-0.0615441
124	81	-0.0538184
125	81	-0.0252957
126	81	-0.00519628
127	81	0.032253
128	81	0.193798
129	81	0.023211
130	81	0.0244114
131	81	0.0149161
132	81	0.00727986
133	81	0.00353937
29	82	-0.000121706
30	82	-0.260388
31	82	-0.0105139
32	82	-0.0316504
33	82	-0.0340552
34	82	-0.0200259
35	82	-0.00815223
36	82	-0.00135025
37	82	-0.255486
38	82	-0.0109434
39	82	-0.0311408
40	82	-0.0329558
41	82	-0.0192516
42	82	-0.00789124
78	82	0.413769
79	82	0.588463
80	82	-0.0178285
81	82	0.0181868
82	82	0.293794
83	82	0.0139813
84	82	-0.0562646
120	82	0.0111227
121	82	-0.332927
122	82	-0.000319762
123	82	-0.0236912
124	82	-0.0442003
125	82	-0.0416707
126	82	-0.0241922
127	82	-0.0119654
128	82	-0.161665
129	82	-0.0106284
130	82	-0.0162524
131	82	-0.015654
132	82	-0.0116047
133	82	-0.00742912
29	83	0.00633852
30	83	-0.205171
31	83	-7.01716e-05
32	83	-0.0128176
33	83	-0.0246334
34	83	-0.024351
35	83	-0.0164951
36	83	-0.0063205
37	83	0.201279
38	83	0.000235665
39	83	0.0130078
40	83	0.0242356
41	83	0.0235511
42	83	0.0159089
78	83	-0.324975
79	83	0.469219
80	83	0.002659
81	83	-0.0396097
82	83	0.0139813
83	83	0.289609
84	83	0.0121588
120	83	-0.000755633
121	83	-0.26533
122	83	1.43114e-05
123	83	-0.00333014
124	83	-0.0168606
125	83	-0.0311141
126	83	-0.0325364
127	83	0.00116805
128	83	0.125795
129	83	0.00294285
130	83	0.00858298
131	83	0.0125444
132	83	0.0126547
133	83	0.0100567
29	84	2.00527e-05
30	84	-0.174517
31	84	0.000128333
32	84	-0.0030578
33	84	-0.0122049
34	84	-0.0200375
35	84	-0.0215362
36	84	0.000158226
37	84	-0.171282
38	84	0.000128468
39	84	-0.00331309
40	84	-0.0123371
41	84	-0.0197406
42	84	-0.0209445
78	84	0.26817
79	84	0.379252
80	84	-0.000436432
81	84	0.0042758
82	84	-0.0562646
83	84	0.0121588
84	84	0.271511
120	84	-0.000141168
121	84	-0.204791
122	84	4.68096e-05
123	84	8.05297e-05
124	84	-0.00374352
125	84	-0.0135044
126	84	-0.0247466
127	84	0.000128251
128	84	-0.0972945
129	84	-0.000829043
130	84	-0.00439339
131	84	-0.00864864
132	84	-0.0109107
133	84	-0.0101481
43	85	-0.102271
44	85	-0.21469
45	85	-0.052031
46	85	-0.0262725
47	85	-0.000985892
48	85	0.00318694
49	85	-2.92034e-05
50	85	-0.699408
51	85	-5.59309
52	85	-0.488862
53	85	-0.513201
54	85	-0.389506
55	85	-0.308595
56	85	-0.261301
85	85	10.3622
86	85	1.66656
87	85	1.02691
88	85	-0.931226
89	85	0.692505
90	85	-0.553115
91	85	0.464926
127	85	-0.108144
128	85	-0.263734
129	85	-0.0588048
130	85	-0.0349986
131	85	-0.00382425
132	85	0.00314533
133	85	-0.000163011
204	85	-0.506394
205	85	-4.39795
206	85	-0.366546
207	85	-0.403503
208	85	-0.31284
209	85	-0.246632
210	85	-0.210235
43	86	-0.383089
44	86	-2.56801
45	86	-0.260667
46	86	-0.264748
47	86	-0.192988
48	86	-0.144841
49	86	-0.0997433
50	86	-0.413945
51	86	-0.724426
52	86	-0.20466
53	86	-0.0655661
54	86	0.0205344
55	86	0.00189126
56	86	-0.00236834
85	86	1.66656
86	86	6.41451
87	86	0.783024
88	86	0.480754
89	86	0.395641
90	86	0.315664
91	86	0.268696
127	86	-0.335356
128	86	-2.62026
129	86	-0.238187
130	86	-0.258632
131	86	-0.197281
132	86	-0.152653
133	86	-0.118165
204	86	-0.275642
205	86	-0.584997
206	86	-0.149281
207	86	-0.0684528
208	86	0.00823072
209	86	0.00686093
210	86	-0.00133436
43	87	-0.0649924
44	87	-0.175134
45	87	-0.0370594
46	87	-0.0219094
47	87	-0.00368928
48	87	-0.000126712
49	87	-0.000119358
50	87	-0.200501
51	87	-0.499579
52	87	-0.111887
53	87	-0.0610858
54	87	-0.00606295
55	87	0.00137786
56	87	-9.28009e-05
85	87	1.02691
86	87	0.783024
87	87	0.313588
88	87	-0.0459563
89	87	-0.0151434
90	87	-0.00300844
91	87	-0.000178833
127	87	-0.0646232
128	87	-0.202273
129	87	-0.0391536
130	87	-0.026986
131	87	-0.00669245
132	87	-0.000563391
133	87	-0.000159495
204	87	-0.138526
205	87	-0.401434
206	87	-0.082381
207	87	-0.0533399
208	87	-0.00995675
209	87	0.000821792
210	87	0.000177222
43	88	-0.0580957
44	88	-0.227081
45	88	-0.0369033
46	88	-0.0298933
47	88	-0.0124196
48	88	-0.0039902
49	88	-0.00124319
50	88	0.0595141
51	88	0.515141
52	88	0.0578839
53	88	0.0812476
54	88	0.0490102
55	88	0.0112698
56	88	-0.000319193
85	88	-0.931226
86	88	0.480754
87	88	-0.0459563
88	88	0.316483
