870	870	36101
0	0	0.914604
0	31	0.218359
31	0	0.218359
0	32	-0.0297815
32	0	-0.0297815
0	33	0.0118738
33	0	0.0118738
0	34	0.00332712
34	0	0.00332712
0	27	0.100513
27	0	0.100513
0	28	-0.0122211
28	0	-0.0122211
0	29	0.0128593
29	0	0.0128593
0	30	0.000248952
30	0	0.000248952
0	323	0.0024748
323	0	0.0024748
0	324	-0.00304713
324	0	-0.00304713
0	325	-0.000195017
325	0	-0.000195017
0	326	0.000321664
326	0	0.000321664
0	327	-0.000484851
327	0	-0.000484851
0	328	-9.5903e-05
328	0	-9.5903e-05
31	31	0.225423
31	32	-0.052307
32	31	-0.052307
31	33	0.0152973
33	31	0.0152973
31	34	-0.00123189
34	31	-0.00123189
31	323	0.00934735
323	31	0.00934735
31	324	-0.0013932
324	31	-0.0013932
31	325	0.00116395
325	31	0.00116395
31	326	-0.000312547
326	31	-0.000312547
31	327	0.000469721
327	31	0.000469721
31	328	8.73023e-05
328	31	8.73023e-05
32	32	0.35668
32	33	-0.140492
33	32	-0.140492
32	34	0.0252752
34	32	0.0252752
32	323	-0.0323728
323	32	-0.0323728
32	324	0.0272091
324	32	0.0272091
32	325	-0.00252891
325	32	-0.00252891
32	326	0.0135277
326	32	0.0135277
32	327	-0.00176236
327	32	-0.00176236
32	328	-0.00148094
328	32	-0.00148094
33	33	0.497771
33	34	-0.232893
34	33	-0.232893
33	323	0.0176928
323	33	0.0176928
33	324	-0.0665059
324	33	-0.0665059
33	325	0.0458273
325	33	0.0458273
33	326	-0.0139027
326	33	-0.0139027
33	327	0.0258363
327	33	0.0258363
33	328	0.00221553
328	33	0.00221553
34	34	0.642989
34	323	-0.00290977
323	34	-0.00290977
34	324	0.0357938
324	34	0.0357938
34	325	-0.101481
325	34	-0.101481
34	326	0.00520345
326	34	0.00520345
34	327	-0.0298715
327	34	-0.0298715
34	328	-0.00145082
328	34	-0.00145082
27	31	-0.0570595
31	27	-0.0570595
27	32	-0.102237
32	27	-0.102237
27	33	0.000299045
33	27	0.000299045
27	34	-0.00635461
34	27	-0.00635461
27	27	0.198548
27	28	-0.027082
28	27	-0.027082
27	29	0.010045
29	27	0.010045
27	30	-0.00437268
30	27	-0.00437268
27	323	0.0205633
323	27	0.0205633
27	324	0.000392407
324	27	0.000392407
27	325	0.00129624
325	27	0.00129624
27	326	-0.00121181
326	27	-0.00121181
27	327	-0.000683999
327	27	-0.000683999
27	328	0.000232129
328	27	0.000232129
28	31	-0.067908
31	28	-0.067908
28	32	0.0243518
32	28	0.0243518
28	33	-0.139138
33	28	-0.139138
28	34	0.00418118
34	28	0.00418118
28	28	0.30209
28	29	-0.0938845
29	28	-0.0938845
28	30	0.0139893
30	28	0.0139893
28	323	-0.0256998
323	28	-0.0256998
28	324	0.0385492
324	28	0.0385492
28	325	-0.000616687
325	28	-0.000616687
28	326	-0.008334
326	28	-0.008334
28	327	-0.00149224
327	28	-0.00149224
28	328	0.000178465
328	28	0.000178465
29	31	-0.0030705
31	29	-0.0030705
29	32	-0.0942787
32	29	-0.0942787
29	33	0.110246
33	29	0.110246
29	34	-0.170896
34	29	-0.170896
29	29	0.410769
29	30	-0.164154
30	29	-0.164154
29	323	0.00948697
323	29	0.00948697
29	324	-0.0565437
324	29	-0.0565437
29	325	0.056541
325	29	0.056541
29	326	0.00841995
326	29	0.00841995
29	327	-0.0155555
327	29	-0.0155555
29	328	-0.000461222
328	29	-0.000461222
30	31	-0.00433062
31	30	-0.00433062
30	32	0.000256652
32	30	0.000256652
30	33	-0.120945
33	30	-0.120945
30	34	0.191579
34	30	0.191579
30	30	0.525959
30	323	-0.00120137
323	30	-0.00120137
30	324	0.0225761
324	30	0.0225761
30	325	-0.0886818
325	30	-0.0886818
30	326	-0.00284764
326	30	-0.00284764
30	327	0.0183032
327	30	0.0183032
30	328	0.000284038
328	30	0.000284038
323	323	0.0137125
323	324	-0.000748438
324	323	-0.000748438
323	325	0.000627575
325	323	0.000627575
323	326	-0.00182079
326	323	-0.00182079
323	327	-0.000127043
327	323	-0.000127043
323	328	0.000295623
328	323	0.000295623
324	324	0.027519
324	325	-0.00533644
325	324	-0.00533644
324	326	-0.000175808
326	324	-0.000175808
324	327	-0.00313586
327	324	-0.00313586
324	328	0.00183916
328	324	0.00183916
325	325	0.0403378
325	326	0.000367677
326	325	0.000367677
325	327	0.000475421
327	325	0.000475421
325	328	-0.0014864
328	325	-0.0014864
326	326	0.00910882
326	327	0.00185083
327	326	0.00185083
326	328	-0.00137044
328	326	-0.00137044
327	327	0.0195344
327	328	-0.00062194
328	327	-0.00062194
328	328	0.0064659
0	0	1.65504
0	27	0.2129
27	0	0.2129
0	28	-0.0242397
28	0	-0.0242397
0	29	0.0248167
29	0	0.0248167
0	30	0.000530933
30	0	0.000530933
0	35	0.145828
35	0	0.145828
0	36	-0.0222392
36	0	-0.0222392
0	37	0.0106082
37	0	0.0106082
0	38	0.000304446
38	0	0.000304446
0	329	0.00370383
329	0	0.00370383
0	330	-0.00287535
330	0	-0.00287535
0	331	-2.20944e-06
331	0	-2.20944e-06
0	332	-6.67476e-05
332	0	-6.67476e-05
0	333	-9.57177e-06
333	0	-9.57177e-06
0	334	-2.36642e-05
334	0	-2.36642e-05
27	27	0.403242
27	28	-0.0324792
28	27	-0.0324792
27	29	0.0207086
29	27	0.0207086
27	30	-0.0071995
30	27	-0.0071995
27	35	-0.088147
35	27	-0.088147
27	36	-0.0913361
36	27	-0.0913361
27	37	-0.00164814
37	27	-0.00164814
27	38	-0.00462647
38	27	-0.00462647
27	329	0.0150992
329	27	0.0150992
27	330	0.000606423
330	27	0.000606423
27	331	0.00113527
331	27	0.00113527
27	332	0.000432691
332	27	0.000432691
27	333	0.000483759
333	27	0.000483759
27	334	1.51039e-05
334	27	1.51039e-05
28	28	0.585472
28	29	-0.156828
29	28	-0.156828
28	30	0.028065
30	28	0.028065
28	35	-0.0859907
35	28	-0.0859907
28	36	-0.0147744
36	28	-0.0147744
28	37	-0.115906
37	28	-0.115906
28	38	0.00224826
38	28	0.00224826
28	329	-0.0230608
329	28	-0.0230608
28	330	0.028528
330	28	0.028528
28	331	-0.000675163
331	28	-0.000675163
28	332	0.00713182
332	28	0.00713182
28	333	0.000596028
333	28	0.000596028
28	334	0.000410822
334	28	0.000410822
29	29	0.77678
29	30	-0.288055
30	29	-0.288055
29	35	-0.00375716
35	29	-0.00375716
29	36	-0.109094
36	29	-0.109094
29	37	0.0628162
37	29	0.0628162
29	38	-0.137924
38	29	-0.137924
29	329	0.00922953
329	29	0.00922953
29	330	-0.0491712
330	29	-0.0491712
29	331	0.0426336
331	29	0.0426336
29	332	-0.00691353
332	29	-0.00691353
29	333	0.0133482
333	29	0.0133482
29	334	-0.000569448
334	29	-0.000569448
30	30	0.982093
30	35	-0.00479539
35	30	-0.00479539
30	36	-0.000365231
36	30	-0.000365231
30	37	-0.130363
37	30	-0.130363
30	38	0.134959
38	30	0.134959
30	329	-0.00120367
329	30	-0.00120367
30	330	0.0211753
330	30	0.0211753
30	331	-0.0759085
331	30	-0.0759085
30	332	0.00227062
332	30	0.00227062
30	333	-0.0152073
333	30	-0.0152073
30	334	0.000300713
334	30	0.000300713
35	35	0.222857
35	36	-0.0209193
36	35	-0.0209193
35	37	0.0142717
37	35	0.0142717
35	38	-0.00226905
38	35	-0.00226905
35	329	0.0101118
329	35	0.0101118
35	330	-0.00232046
330	35	-0.00232046
35	331	0.00101951
331	35	0.00101951
35	332	0.000780078
332	35	0.000780078
35	333	-0.000416151
333	35	-0.000416151
35	334	9.87216e-05
334	35	9.87216e-05
36	36	0.321926
36	37	-0.0934262
37	36	-0.0934262
36	38	0.0208885
38	36	0.0208885
36	329	-0.0244975
329	36	-0.0244975
36	330	0.0266037
330	36	0.0266037
36	331	-0.00319776
331	36	-0.00319776
36	332	-0.010792
332	36	-0.010792
36	333	0.00174034
333	36	0.00174034
36	334	-0.000854501
334	36	-0.000854501
37	37	0.426631
37	38	-0.169212
38	37	-0.169212
37	329	0.0126635
329	37	0.0126635
37	330	-0.0519379
330	37	-0.0519379
37	331	0.0430207
331	37	0.0430207
37	332	0.0104396
332	37	0.0104396
37	333	-0.0206561
333	37	-0.0206561
37	334	0.00116457
334	37	0.00116457
38	38	0.539317
38	329	-0.00207133
329	38	-0.00207133
38	330	0.0264072
330	38	0.0264072
38	331	-0.0807955
331	38	-0.0807955
38	332	-0.00367549
332	38	-0.00367549
38	333	0.0230284
333	38	0.0230284
38	334	-0.000713128
334	38	-0.000713128
329	329	0.0139115
329	330	0.000878016
330	329	0.000878016
329	331	0.000704463
331	329	0.000704463
329	332	0.0010442
332	329	0.0010442
329	333	0.000332717
333	329	0.000332717
329	334	5.9335e-05
334	329	5.9335e-05
330	330	0.0266703
330	331	-0.00243094
331	330	-0.00243094
330	332	-0.000241784
332	330	-0.000241784
330	333	0.00162511
333	330	0.00162511
330	334	0.00158326
334	330	0.00158326
331	331	0.0376281
331	332	-8.86245e-05
332	331	-8.86245e-05
331	333	-0.000956946
333	331	-0.000956946
331	334	-0.00120133
334	331	-0.00120133
332	332	0.00967205
332	333	0.00300634
333	332	0.00300634
332	334	0.000787963
334	332	0.000787963
333	333	0.0202396
333	334	0.000119088
334	333	0.000119088
334	334	0.00697239
0	0	3.28679
0	35	0.349135
35	0	0.349135
0	36	-0.0384255
36	0	-0.0384255
0	37	0.00834399
37	0	0.00834399
0	38	0.00178674
38	0	0.00178674
0	1	-0.568261
1	0	-0.568261
0	43	0.389988
43	0	0.389988
0	44	0.0244482
44	0	0.0244482
0	45	-0.0235886
45	0	-0.0235886
0	46	-0.00381654
46	0	-0.00381654
0	39	-0.531014
39	0	-0.531014
0	335	0.00530424
335	0	0.00530424
0	336	0.00376734
336	0	0.00376734
0	337	-0.000815246
337	0	-0.000815246
0	40	-0.0589485
40	0	-0.0589485
0	338	-0.00249329
338	0	-0.00249329
0	339	0.000568388
339	0	0.000568388
0	41	-0.00739649
41	0	-0.00739649
0	340	0.000177181
340	0	0.000177181
0	42	0.00396501
42	0	0.00396501
35	35	0.518574
35	36	-0.113574
36	35	-0.113574
35	37	0.0196854
37	35	0.0196854
35	38	-0.00243829
38	35	-0.00243829
35	43	-0.0429955
43	35	-0.0429955
35	44	0.147979
44	35	0.147979
35	45	0.0125784
45	35	0.0125784
35	46	-0.00407774
46	35	-0.00407774
35	39	-0.0843946
39	35	-0.0843946
35	335	0.036065
335	35	0.036065
35	336	0.000313368
336	35	0.000313368
35	337	-0.000653453
337	35	-0.000653453
35	40	0.0955801
40	35	0.0955801
35	338	0.00119903
338	35	0.00119903
35	339	0.000793164
339	35	0.000793164
35	41	0.0076776
41	35	0.0076776
35	340	0.000432862
340	35	0.000432862
35	42	0.00297652
42	35	0.00297652
36	36	0.805702
36	37	-0.315696
37	36	-0.315696
36	38	0.0357865
38	36	0.0357865
36	43	-0.089672
43	36	-0.089672
36	44	-0.109828
44	36	-0.109828
36	45	-0.217374
45	36	-0.217374
36	46	-0.0154003
46	36	-0.0154003
36	39	0.0364236
39	36	0.0364236
36	335	-0.0473191
335	36	-0.0473191
36	336	0.0704337
336	36	0.0704337
36	337	-0.00226476
337	36	-0.00226476
36	40	-0.0690991
40	36	-0.0690991
36	338	0.0159968
338	36	0.0159968
36	339	0.000913396
339	36	0.000913396
36	41	-0.00465575
41	36	-0.00465575
36	340	0.000894465
340	36	0.000894465
36	42	-0.00357663
42	36	-0.00357663
37	37	1.1208
37	38	-0.522265
38	37	-0.522265
37	43	0.00438827
43	37	0.00438827
37	44	0.143618
44	37	0.143618
37	45	0.256708
45	37	0.256708
37	46	0.283421
46	37	0.283421
37	39	-0.00177093
39	37	-0.00177093
37	335	0.0184843
335	37	0.0184843
37	336	-0.105346
336	37	-0.105346
37	337	0.104619
337	37	0.104619
37	40	0.0195364
40	37	0.0195364
37	338	-0.0166298
338	37	-0.0166298
37	339	0.0292782
339	37	0.0292782
37	41	-0.000894284
41	37	-0.000894284
37	340	-0.00133058
340	37	-0.00133058
37	42	0.00243292
42	37	0.00243292
38	38	1.45162
38	43	0.000689722
43	38	0.000689722
38	44	-0.00564236
44	38	-0.00564236
38	45	-0.201657
45	38	-0.201657
38	46	-0.397712
46	38	-0.397712
38	39	-1.66333e-05
39	38	-1.66333e-05
38	335	-0.000500618
335	38	-0.000500618
38	336	0.0443932
336	38	0.0443932
38	337	-0.165002
337	38	-0.165002
38	40	-0.0021824
40	38	-0.0021824
38	338	0.00565407
338	38	0.00565407
38	339	-0.0356514
339	38	-0.0356514
38	41	0.00227277
41	38	0.00227277
38	340	0.000362928
340	38	0.000362928
38	42	-0.00106338
42	38	-0.00106338
1	35	-0.283546
35	1	-0.283546
1	36	0.0148193
36	1	0.0148193
1	37	0.00203131
37	1	0.00203131
1	38	-0.00131981
38	1	-0.00131981
1	1	0.993143
1	43	0.0868516
43	1	0.0868516
1	44	0.0140006
44	1	0.0140006
1	45	0.00874049
45	1	0.00874049
1	46	0.000741946
46	1	0.000741946
1	39	0.190987
39	1	0.190987
1	335	-0.00689933
335	1	-0.00689933
1	336	-0.0036149
336	1	-0.0036149
1	337	0.000723487
337	1	0.000723487
1	40	0.0224153
40	1	0.0224153
1	338	0.000916626
338	1	0.000916626
1	339	-0.000201165
339	1	-0.000201165
1	41	0.00577064
41	1	0.00577064
1	340	0.000291334
340	1	0.000291334
1	42	-0.00109225
42	1	-0.00109225
43	43	0.337742
43	44	0.116856
44	43	0.116856
43	45	-0.00174169
45	43	-0.00174169
43	46	-0.00789925
46	43	-0.00789925
43	335	0.0174027
335	43	0.0174027
43	336	-0.00267365
336	43	-0.00267365
43	337	-0.00116306
337	43	-0.00116306
43	338	0.000739131
338	43	0.000739131
43	339	0.000994845
339	43	0.000994845
43	340	-9.20827e-05
340	43	-9.20827e-05
44	44	0.571064
44	45	0.278199
45	44	0.278199
44	46	0.00509771
46	44	0.00509771
44	335	0.0596188
335	44	0.0596188
44	336	-0.0513247
336	44	-0.0513247
44	337	0.00311649
337	44	0.00311649
44	338	0.0244204
338	44	0.0244204
44	339	-0.00210177
339	44	-0.00210177
44	340	0.00179469
340	44	0.00179469
45	45	0.832691
45	46	0.43837
46	45	0.43837
45	335	0.0320175
335	45	0.0320175
45	336	-0.121151
336	45	-0.121151
45	337	0.0867601
337	45	0.0867601
45	338	0.0238322
338	45	0.0238322
45	339	-0.0459212
339	45	-0.0459212
45	340	0.00245974
340	45	0.00245974
46	46	1.10194
46	335	0.000736143
335	46	0.000736143
46	336	-0.0658833
336	46	-0.0658833
46	337	0.185087
337	46	0.185087
46	338	0.00666692
338	46	0.00666692
46	339	-0.0526201
339	46	-0.0526201
46	340	0.00119669
340	46	0.00119669
39	43	-0.188837
43	39	-0.188837
39	44	-0.0813362
44	39	-0.0813362
39	45	0.00344089
45	39	0.00344089
39	46	0.00490353
46	39	0.00490353
39	39	0.335047
39	335	0.0109087
335	39	0.0109087
39	336	-0.00163079
336	39	-0.00163079
39	337	0.000474187
337	39	0.000474187
39	40	0.0630552
40	39	0.0630552
39	338	0.00280969
338	39	0.00280969
39	339	0.000168817
339	39	0.000168817
39	41	0.00731783
41	39	0.00731783
39	340	0.00012826
340	39	0.00012826
39	42	-0.0027244
42	39	-0.0027244
335	335	0.0211948
335	336	-0.00402984
336	335	-0.00402984
335	337	-0.000207791
337	335	-0.000207791
335	338	0.00282465
338	335	0.00282465
335	339	0.000600845
339	335	0.000600845
335	340	0.000205022
340	335	0.000205022
336	336	0.0441803
336	337	-0.0145945
337	336	-0.0145945
336	338	0.000682627
338	336	0.000682627
336	339	0.00518252
339	336	0.00518252
336	340	0.00371006
340	336	0.00371006
337	337	0.0667759
337	338	-0.000880757
338	337	-0.000880757
337	339	-0.000443356
339	337	-0.000443356
337	340	-0.00278743
340	337	-0.00278743
40	43	-0.130391
43	40	-0.130391
40	44	-0.0887214
44	40	-0.0887214
40	45	-0.0170582
45	40	-0.0170582
40	46	0.00340478
46	40	0.00340478
40	335	0.0107196
335	40	0.0107196
40	336	-0.00373135
336	40	-0.00373135
40	337	8.07769e-05
337	40	8.07769e-05
40	40	0.389659
40	338	0.0231224
338	40	0.0231224
40	339	-0.00122692
339	40	-0.00122692
40	41	0.0704742
41	40	0.0704742
40	340	0.00302756
340	40	0.00302756
40	42	0.00889798
42	40	0.00889798
338	338	0.0134134
338	339	0.00150828
339	338	0.00150828
338	340	0.00199943
340	338	0.00199943
339	339	0.0294703
339	340	0.00129724
340	339	0.00129724
41	43	-0.0132785
43	41	-0.0132785
41	44	-0.0110381
44	41	-0.0110381
41	45	-0.00316747
45	41	-0.00316747
41	46	0.000567334
46	41	0.000567334
41	335	0.0239287
335	41	0.0239287
41	336	-0.0123151
336	41	-0.0123151
41	337	0.00194617
337	41	0.00194617
41	338	0.0120176
338	41	0.0120176
41	339	-0.00277723
339	41	-0.00277723
41	41	0.433338
41	340	0.0240796
340	41	0.0240796
41	42	0.0769213
42	41	0.0769213
340	340	0.00937878
42	43	0.000110375
43	42	0.000110375
42	44	0.000116086
44	42	0.000116086
42	45	2.84789e-05
45	42	2.84789e-05
42	46	-6.72762e-05
46	42	-6.72762e-05
42	335	0.00256219
335	42	0.00256219
42	336	-0.00148115
336	42	-0.00148115
42	337	0.000141415
337	42	0.000141415
42	338	0.0218033
338	42	0.0218033
42	339	-0.00904298
339	42	-0.00904298
42	340	0.0109073
340	42	0.0109073
42	42	0.462361
1	1	1.86344
1	39	0.424364
39	1	0.424364
1	40	0.0291134
40	1	0.0291134
1	41	0.0193851
41	1	0.0193851
1	42	-0.00349758
42	1	-0.00349758
1	47	0.0390845
47	1	0.0390845
1	48	-0.00286715
48	1	-0.00286715
1	49	0.0102307
49	1	0.0102307
1	50	-0.00136816
50	1	-0.00136816
1	341	-9.88319e-05
341	1	-9.88319e-05
1	342	-0.00314629
342	1	-0.00314629
1	343	0.000671558
343	1	0.000671558
1	344	-0.000325148
344	1	-0.000325148
1	345	1.5958e-05
345	1	1.5958e-05
1	346	1.07606e-05
346	1	1.07606e-05
39	39	0.679893
39	40	0.105721
40	39	0.105721
39	41	0.0206779
41	39	0.0206779
39	42	-0.00578847
42	39	-0.00578847
39	47	-0.203999
47	39	-0.203999
39	48	-0.117057
48	39	-0.117057
39	49	-0.0101338
49	39	-0.0101338
39	50	-0.00240173
50	39	-0.00240173
39	341	0.00364692
341	39	0.00364692
39	342	-0.0016105
342	39	-0.0016105
39	343	0.000581844
343	39	0.000581844
39	344	-0.000865417
344	39	-0.000865417
39	345	-1.05092e-05
345	39	-1.05092e-05
39	346	4.61308e-05
346	39	4.61308e-05
40	40	0.82811
40	41	0.0342339
41	40	0.0342339
40	42	0.0191236
42	40	0.0191236
40	47	-0.190737
47	40	-0.190737
40	48	-0.105037
48	40	-0.105037
40	49	-0.121803
49	40	-0.121803
40	50	-0.00699595
50	40	-0.00699595
40	341	-0.0339845
341	40	-0.0339845
40	342	0.0157499
342	40	0.0157499
40	343	-0.00155632
343	40	-0.00155632
40	344	0.0115195
344	40	0.0115195
40	345	-4.59108e-05
345	40	-4.59108e-05
40	346	-1.57412e-05
346	40	-1.57412e-05
41	41	0.964364
41	42	-0.041151
42	41	-0.041151
41	47	-0.0166822
47	41	-0.0166822
41	48	-0.217535
48	41	-0.217535
41	49	0.00198541
49	41	0.00198541
41	50	-0.131206
50	41	-0.131206
41	341	0.0161268
341	41	0.0161268
41	342	-0.0658435
342	41	-0.0658435
41	343	0.0305729
343	41	0.0305729
41	344	-0.00988436
344	41	-0.00988436
41	345	0.0212085
345	41	0.0212085
41	346	-0.000118588
346	41	-0.000118588
42	42	1.10202
42	47	-0.00520426
47	42	-0.00520426
42	48	-0.0146723
48	42	-0.0146723
42	49	-0.237704
49	42	-0.237704
42	50	0.09809
50	42	0.09809
42	341	-0.000447096
341	42	-0.000447096
42	342	0.0333196
342	42	0.0333196
42	343	-0.0983205
343	42	-0.0983205
42	344	0.0024342
344	42	0.0024342
42	345	-0.0226304
345	42	-0.0226304
42	346	0.000201546
346	42	0.000201546
47	47	0.343533
47	48	0.0520928
48	47	0.0520928
47	49	0.00989686
49	47	0.00989686
47	50	-0.00461916
50	47	-0.00461916
47	341	0.0249277
341	47	0.0249277
47	342	0.00277991
342	47	0.00277991
47	343	0.00174786
343	47	0.00174786
47	344	0.000134591
344	47	0.000134591
47	345	6.15812e-05
345	47	6.15812e-05
47	346	-0.000215298
346	47	-0.000215298
48	48	0.424198
48	49	-0.0220417
49	48	-0.0220417
48	50	0.00636732
50	48	0.00636732
48	341	-0.0209434
341	48	-0.0209434
48	342	0.0456834
342	48	0.0456834
48	343	0.00322786
343	48	0.00322786
48	344	-0.00990325
344	48	-0.00990325
48	345	-0.00123705
345	48	-0.00123705
48	346	0.000648722
346	48	0.000648722
49	49	0.506419
49	50	-0.0976163
50	49	-0.0976163
49	341	0.005508
341	49	0.005508
49	342	-0.051076
342	49	-0.051076
49	343	0.0640869
343	49	0.0640869
49	344	0.00860145
344	49	0.00860145
49	345	-0.0178602
345	49	-0.0178602
49	346	-0.000759317
346	49	-0.000759317
50	50	0.605826
50	341	-0.000618058
341	50	-0.000618058
50	342	0.0151078
342	50	0.0151078
50	343	-0.0835917
343	50	-0.0835917
50	344	-0.00208978
344	50	-0.00208978
50	345	0.0195165
345	50	0.0195165
50	346	0.000457556
346	50	0.000457556
341	341	0.0217795
341	342	0.00576319
342	341	0.00576319
341	343	0.00115777
343	341	0.00115777
341	344	-0.00223954
344	341	-0.00223954
341	345	-0.000400417
345	341	-0.000400417
341	346	-0.000211407
346	341	-0.000211407
342	342	0.0406363
342	343	0.00387665
343	342	0.00387665
342	344	-0.00162223
344	342	-0.00162223
342	345	-0.00435226
345	342	-0.00435226
342	346	0.00208645
346	342	0.00208645
343	343	0.0544741
343	344	0.000801526
344	343	0.000801526
343	345	-0.00208157
345	343	-0.00208157
343	346	-0.00135963
346	343	-0.00135963
344	344	0.015512
344	345	0.00757995
345	344	0.00757995
344	346	-0.00166721
346	344	-0.00166721
345	345	0.0331943
345	346	-0.0015708
346	345	-0.0015708
346	346	0.0111124
1	1	2.82279
1	47	0.191153
47	1	0.191153
1	48	0.0353369
48	1	0.0353369
1	49	0.020067
49	1	0.020067
1	50	-0.00438587
50	1	-0.00438587
1	51	0.0971392
51	1	0.0971392
1	52	0.0364166
52	1	0.0364166
1	53	0.00707941
53	1	0.00707941
1	54	-0.0026988
54	1	-0.0026988
1	347	-0.00950777
347	1	-0.00950777
1	348	-0.000947539
348	1	-0.000947539
1	349	0.000843109
349	1	0.000843109
1	350	-0.000205955
350	1	-0.000205955
1	351	5.99822e-06
351	1	5.99822e-06
1	352	0.000236191
352	1	0.000236191
47	47	0.608366
47	48	0.0726281
48	47	0.0726281
47	49	0.00909355
49	47	0.00909355
47	50	-0.00884639
50	47	-0.00884639
47	51	-0.121291
51	47	-0.121291
47	52	-0.109035
52	47	-0.109035
47	53	-0.0196664
53	47	-0.0196664
47	54	-0.00158436
54	47	-0.00158436
47	347	0.0111282
347	47	0.0111282
47	348	0.00372512
348	47	0.00372512
47	349	0.000609379
349	47	0.000609379
47	350	0.000936758
350	47	0.000936758
47	351	0.000225537
351	47	0.000225537
47	352	0.000196298
352	47	0.000196298
48	48	0.805505
48	49	-0.0720888
49	48	-0.0720888
48	50	-0.00709638
50	48	-0.00709638
48	51	-0.128982
51	48	-0.128982
48	52	-0.0357831
52	48	-0.0357831
48	53	-0.120713
53	48	-0.120713
48	54	-0.0239696
54	48	-0.0239696
48	347	-0.0293436
347	48	-0.0293436
48	348	0.0251722
348	48	0.0251722
48	349	0.00690672
349	48	0.00690672
48	350	0.0110884
350	48	0.0110884
48	351	0.00227286
351	48	0.00227286
48	352	-0.000580556
352	48	-0.000580556
49	49	1.00075
49	50	-0.21955
50	49	-0.21955
49	51	-0.0231172
51	49	-0.0231172
49	52	-0.146616
52	49	-0.146616
49	53	0.0597194
53	49	0.0597194
49	54	-0.133998
54	49	-0.133998
49	347	0.00863476
347	49	0.00863476
49	348	-0.0617597
348	49	-0.0617597
49	349	0.0396426
349	49	0.0396426
49	350	-0.00953819
350	49	-0.00953819
49	351	0.0209181
351	49	0.0209181
49	352	0.000856928
352	49	0.000856928
50	50	1.22552
50	51	-0.00230476
51	50	-0.00230476
50	52	-0.0281322
52	50	-0.0281322
50	53	-0.162818
53	50	-0.162818
50	54	0.149627
54	50	0.149627
50	347	0.00203777
347	50	0.00203777
50	348	0.0203227
348	50	0.0203227
50	349	-0.0955514
349	50	-0.0955514
50	350	0.00186253
350	50	0.00186253
50	351	-0.0222939
351	50	-0.0222939
50	352	-0.000759415
352	50	-0.000759415
51	51	0.264294
51	52	0.0256875
52	51	0.0256875
51	53	-0.00462188
53	51	-0.00462188
51	54	-0.0035539
54	51	-0.0035539
51	347	0.0161989
347	51	0.0161989
51	348	0.00475567
348	51	0.00475567
51	349	0.000579083
349	51	0.000579083
51	350	-0.00122646
350	51	-0.00122646
51	351	-6.18405e-05
351	51	-6.18405e-05
51	352	0.000164681
352	51	0.000164681
52	52	0.375024
52	53	-0.0416416
53	52	-0.0416416
52	54	-0.0193011
54	52	-0.0193011
52	347	-0.0256051
347	52	-0.0256051
52	348	0.0327662
348	52	0.0327662
52	349	0.00861204
349	52	0.00861204
52	350	-0.0103834
350	52	-0.0103834
52	351	-0.00300116
351	52	-0.00300116
52	352	-0.000359073
352	52	-0.000359073
53	53	0.483277
53	54	-0.109863
54	53	-0.109863
53	347	0.0060366
347	53	0.0060366
53	348	-0.0570145
348	53	-0.0570145
53	349	0.0482442
349	53	0.0482442
53	350	0.00862198
350	53	0.00862198
53	351	-0.0194746
351	53	-0.0194746
53	352	0.000456813
352	53	0.000456813
54	54	0.604175
54	347	0.0020152
347	54	0.0020152
54	348	0.0154739
348	54	0.0154739
54	349	-0.0905664
349	54	-0.0905664
54	350	-0.00116067
350	54	-0.00116067
54	351	0.0205066
351	54	0.0205066
54	352	-0.000374217
352	54	-0.000374217
347	347	0.0163232
347	348	0.00385704
348	347	0.00385704
347	349	0.000112437
349	347	0.000112437
347	350	-0.000553637
350	347	-0.000553637
347	351	-1.38427e-05
351	347	-1.38427e-05
347	352	0.00029111
352	347	0.00029111
348	348	0.0331772
348	349	0.00202001
349	348	0.00202001
348	350	-0.000341982
350	348	-0.000341982
348	351	-0.00112782
351	348	-0.00112782
348	352	0.00177954
352	348	0.00177954
349	349	0.0468361
349	350	8.78729e-05
350	349	8.78729e-05
349	351	-0.000473442
351	349	-0.000473442
349	352	-0.0010326
352	349	-0.0010326
350	350	0.0106971
350	351	0.00503018
351	350	0.00503018
350	352	-0.000408559
352	350	-0.000408559
351	351	0.0249149
351	352	-0.000340009
352	351	-0.000340009
352	352	0.00732962
1	1	3.95902
1	2	-0.389495
2	1	-0.389495
1	59	0.222429
59	1	0.222429
1	60	0.00892938
60	1	0.00892938
1	61	-0.00061708
61	1	-0.00061708
1	62	0.000223981
62	1	0.000223981
1	55	-0.342804
55	1	-0.342804
1	56	-0.0112366
56	1	-0.0112366
1	57	0.00982689
57	1	0.00982689
1	58	0.000788195
58	1	0.000788195
1	51	0.215218
51	1	0.215218
1	353	-0.00250314
353	1	-0.00250314
1	354	0.000926097
354	1	0.000926097
1	355	0.000224681
355	1	0.000224681
1	52	0.0466558
52	1	0.0466558
1	356	0.00133499
356	1	0.00133499
1	357	0.000348191
357	1	0.000348191
1	53	0.012059
53	1	0.012059
1	358	0.000269224
358	1	0.000269224
1	54	-0.00307467
54	1	-0.00307467
2	2	1.16456
2	59	0.260465
59	2	0.260465
2	60	0.00775024
60	2	0.00775024
2	61	-0.00927061
61	2	-0.00927061
2	62	-0.000593967
62	2	-0.000593967
2	55	0.129663
55	2	0.129663
2	56	0.0268686
56	2	0.0268686
2	57	-0.0130883
57	2	-0.0130883
2	58	-0.00206655
58	2	-0.00206655
2	51	-0.365016
51	2	-0.365016
2	353	-0.000842144
353	2	-0.000842144
2	354	0.00421315
354	2	0.00421315
2	355	0.000319976
355	2	0.000319976
2	52	-0.0390889
52	2	-0.0390889
2	356	-0.00131697
356	2	-0.00131697
2	357	-0.00032263
357	2	-0.00032263
2	53	-0.00651616
53	2	-0.00651616
2	358	-5.35548e-05
358	2	-5.35548e-05
2	54	0.00184692
54	2	0.00184692
59	59	0.31127
59	60	0.046759
60	59	0.046759
59	61	-0.00165823
61	59	-0.00165823
59	62	-0.00160839
62	59	-0.00160839
59	353	0.0124706
353	59	0.0124706
59	354	0.00112511
354	59	0.00112511
59	355	-0.000154014
355	59	-0.000154014
59	356	-0.00030272
356	59	-0.00030272
59	357	0.000293619
357	59	0.000293619
59	358	0.000256184
358	59	0.000256184
60	60	0.455642
60	61	0.160065
61	60	0.160065
60	62	0.00236711
62	60	0.00236711
60	353	0.0397009
353	60	0.0397009
60	354	-0.0350753
354	60	-0.0350753
60	355	-0.00144682
355	60	-0.00144682
60	356	-0.0164597
356	60	-0.0164597
60	357	0.00177677
357	60	0.00177677
60	358	0.00127941
358	60	0.00127941
61	61	0.622306
61	62	0.272322
62	61	0.272322
61	353	0.019765
353	61	0.019765
61	354	-0.0827759
354	61	-0.0827759
61	355	0.0580868
355	61	0.0580868
61	356	-0.0165294
356	61	-0.0165294
61	357	0.0311059
357	61	0.0311059
61	358	0.00188265
358	61	0.00188265
62	62	0.799364
62	353	0.000356512
353	62	0.000356512
62	354	-0.0413711
354	62	-0.0413711
62	355	0.127238
355	62	0.127238
62	356	-0.00539056
356	62	-0.00539056
62	357	0.036012
357	62	0.036012
62	358	0.00139454
358	62	0.00139454
55	59	-0.108996
59	55	-0.108996
55	60	0.131485
60	55	0.131485
55	61	0.00395931
61	55	0.00395931
55	62	-0.00281419
62	55	-0.00281419
55	55	0.279975
55	56	-0.0169197
56	55	-0.0169197
55	57	-0.015417
57	55	-0.015417
55	58	0.00312484
58	55	0.00312484
55	353	0.0234698
353	55	0.0234698
55	354	0.00106977
354	55	0.00106977
55	355	-0.00179039
355	55	-0.00179039
55	356	-0.00191132
356	55	-0.00191132
55	357	0.000529742
357	55	0.000529742
55	358	-7.74312e-05
358	55	-7.74312e-05
56	59	-0.0933203
59	56	-0.0933203
56	60	-0.0126354
60	56	-0.0126354
56	61	-0.170317
61	56	-0.170317
56	62	-0.00224218
62	56	-0.00224218
56	56	0.396542
56	57	-0.104141
57	56	-0.104141
56	58	-0.0240652
58	56	-0.0240652
56	353	-0.0330376
353	56	-0.0330376
56	354	0.0461428
354	56	0.0461428
56	355	0.00241632
355	56	0.00241632
56	356	-0.0110013
356	56	-0.0110013
56	357	-0.00329838
357	56	-0.00329838
56	358	0.000569349
358	56	0.000569349
57	59	-0.00129498
59	57	-0.00129498
57	60	0.121074
60	57	0.121074
57	61	0.126103
61	57	0.126103
57	62	0.207886
62	57	0.207886
57	57	0.530071
57	58	-0.189963
58	57	-0.189963
57	353	0.010632
353	57	0.010632
57	354	-0.0720994
354	57	-0.0720994
57	355	0.0686624
355	57	0.0686624
57	356	0.0102459
356	57	0.0102459
57	357	-0.0201196
357	57	-0.0201196
57	358	-0.000963032
358	57	-0.000963032
58	59	0.0033037
59	58	0.0033037
58	60	0.00412224
60	58	0.00412224
58	61	-0.153148
61	58	-0.153148
58	62	-0.233004
62	58	-0.233004
58	58	0.676003
58	353	0.00226884
353	58	0.00226884
58	354	0.0263907
354	58	0.0263907
58	355	-0.113416
355	58	-0.113416
58	356	-0.00162449
356	58	-0.00162449
58	357	0.0232255
357	58	0.0232255
58	358	0.000815276
358	58	0.000815276
51	59	-0.127285
59	51	-0.127285
51	60	-0.0557152
60	51	-0.0557152
51	61	-0.00120079
61	51	-0.00120079
51	62	0.00112876
62	51	0.00112876
51	55	-0.0532512
55	51	-0.0532512
51	56	0.0102174
56	51	0.0102174
51	57	0.00864061
57	51	0.00864061
51	58	-0.00114554
58	51	-0.00114554
51	51	0.566381
51	353	0.0241972
353	51	0.0241972
51	354	-0.00144795
354	51	-0.00144795
51	355	-6.32931e-05
355	51	-6.32931e-05
51	52	0.0808202
52	51	0.0808202
51	356	-0.00177986
356	51	-0.00177986
51	357	0.000687638
357	51	0.000687638
51	53	0.0035184
53	51	0.0035184
51	358	0.000361404
358	51	0.000361404
51	54	-0.00525895
54	51	-0.00525895
353	353	0.0197207
353	354	0.000969694
354	353	0.000969694
353	355	-0.000611112
355	353	-0.000611112
353	356	-0.00193252
356	353	-0.00193252
353	357	0.000262158
357	353	0.000262158
353	358	0.000265865
358	353	0.000265865
354	354	0.0379699
354	355	-0.00500849
355	354	-0.00500849
354	356	-6.27482e-05
356	354	-6.27482e-05
354	357	-0.00321627
357	354	-0.00321627
354	358	0.0024929
358	354	0.0024929
355	355	0.0539475
355	356	0.000254693
356	355	0.000254693
355	357	0.000593272
357	355	0.000593272
355	358	-0.00181174
358	355	-0.00181174
52	59	-0.0913176
59	52	-0.0913176
52	60	-0.0654678
60	52	-0.0654678
52	61	-0.0167336
61	52	-0.0167336
52	62	-0.000217314
62	52	-0.000217314
52	55	0.0630401
55	52	0.0630401
52	56	-0.0369591
56	52	-0.0369591
52	57	0.00322454
57	52	0.00322454
52	58	0.0021822
58	52	0.0021822
52	353	0.00734037
353	52	0.00734037
52	354	-0.00281839
354	52	-0.00281839
52	355	0.00032202
355	52	0.00032202
52	52	0.753017
52	356	-0.0334935
356	52	-0.0334935
52	357	0.000254501
357	52	0.000254501
52	53	0.0274622
53	52	0.0274622
52	358	0.00286461
358	52	0.00286461
52	54	-0.0089543
54	52	-0.0089543
356	356	0.0134985
356	357	0.00443549
357	356	0.00443549
356	358	-0.00149913
358	356	-0.00149913
357	357	0.0287008
357	358	-0.000562785
358	357	-0.000562785
53	59	-0.0106651
59	53	-0.0106651
53	60	-0.0115241
60	53	-0.0115241
53	61	-0.00633805
61	53	-0.00633805
53	62	-0.00171694
62	53	-0.00171694
53	55	0.00598821
55	53	0.00598821
53	56	-0.0068622
56	53	-0.0068622
53	57	0.00415329
57	53	0.00415329
53	58	-0.00135563
58	53	-0.00135563
53	353	0.0162796
353	53	0.0162796
53	354	-0.00800761
354	53	-0.00800761
53	355	0.00114216
355	53	0.00114216
53	356	-0.00926784
356	53	-0.00926784
53	357	0.00330824
357	53	0.00330824
53	53	0.910929
53	358	0.0325049
358	53	0.0325049
53	54	-0.0304773
54	53	-0.0304773
358	358	0.00957392
54	59	-0.000539169
59	54	-0.000539169
54	60	-0.000413796
60	54	-0.000413796
54	61	1.157e-06
61	54	1.157e-06
54	62	0.0002181
62	54	0.0002181
54	55	0.002048
55	54	0.002048
54	56	-0.00241578
56	54	-0.00241578
54	57	0.00159514
57	54	0.00159514
54	58	-0.000666617
58	54	-0.000666617
54	353	0.0020902
353	54	0.0020902
54	354	-0.00189093
354	54	-0.00189093
54	355	0.000895904
355	54	0.000895904
54	356	-0.0148702
356	54	-0.0148702
54	357	0.00587525
357	54	0.00587525
54	358	0.00893607
358	54	0.00893607
54	54	1.06356
2	2	2.65536
2	55	0.444873
55	2	0.444873
2	56	0.0420566
56	2	0.0420566
2	57	-0.0285275
57	2	-0.0285275
2	58	-0.00354323
58	2	-0.00354323
2	63	0.204549
63	2	0.204549
2	64	-0.0231358
64	2	-0.0231358
2	65	-0.00558476
65	2	-0.00558476
2	66	0.00104225
66	2	0.00104225
2	359	0.00595243
359	2	0.00595243
2	360	0.00251522
360	2	0.00251522
2	361	-7.33016e-05
361	2	-7.33016e-05
2	362	0.00178746
362	2	0.00178746
2	363	0.00034677
363	2	0.00034677
2	364	-7.58876e-05
364	2	-7.58876e-05
55	55	0.579159
55	56	-0.069293
56	55	-0.069293
55	57	-0.0284194
57	55	-0.0284194
55	58	0.00628609
58	55	0.00628609
55	63	-0.0718755
63	55	-0.0718755
55	64	-0.0923673
64	55	-0.0923673
55	65	0.00618915
65	55	0.00618915
55	66	0.00138667
66	55	0.00138667
55	359	0.0176006
359	55	0.0176006
55	360	-0.000431982
360	55	-0.000431982
55	361	-0.00104811
361	55	-0.00104811
55	362	0.000648401
362	55	0.000648401
55	363	-0.000619231
363	55	-0.000619231
55	364	-0.000289564
364	55	-0.000289564
56	56	0.863555
56	57	-0.271584
57	56	-0.271584
56	58	-0.0436475
58	56	-0.0436475
56	63	-0.156041
63	56	-0.156041
56	64	0.0753819
64	56	0.0753819
56	65	-0.135884
65	56	-0.135884
56	66	0.00683076
66	56	0.00683076
56	359	-0.0531941
359	56	-0.0531941
56	360	0.0424771
360	56	0.0424771
56	361	-0.000282384
361	56	-0.000282384
56	362	0.0149501
362	56	0.0149501
56	363	0.00223252
363	56	0.00223252
56	364	0.00141933
364	56	0.00141933
57	57	1.18363
57	58	-0.470295
58	57	-0.470295
57	63	0.00336076
63	57	0.00336076
57	64	-0.216607
64	57	-0.216607
57	65	0.216496
65	57	0.216496
57	66	-0.185003
66	57	-0.185003
57	359	0.0236905
359	57	0.0236905
57	360	-0.106361
360	57	-0.106361
57	361	0.0704031
361	57	0.0704031
57	362	-0.0129141
362	57	-0.0129141
57	363	0.0274299
363	57	0.0274299
57	364	-0.00213675
364	57	-0.00213675
58	58	1.52806
58	63	0.00458762
63	58	0.00458762
58	64	0.00344416
64	58	0.00344416
58	65	-0.274512
65	58	-0.274512
58	66	0.351869
66	58	0.351869
58	359	0.00203786
359	58	0.00203786
58	360	0.0514534
360	58	0.0514534
58	361	-0.161199
361	58	-0.161199
58	362	0.0017611
362	58	0.0017611
58	363	-0.0300432
363	58	-0.0300432
58	364	0.00165844
364	58	0.00165844
63	63	0.337453
63	64	-0.0951344
64	63	-0.0951344
63	65	0.00659506
65	63	0.00659506
63	66	0.00144997
66	63	0.00144997
63	359	0.0327183
359	63	0.0327183
63	360	-0.00173683
360	63	-0.00173683
63	361	-0.000288442
361	63	-0.000288442
63	362	0.00234713
362	63	0.00234713
63	363	-0.000488973
363	63	-0.000488973
63	364	0.000147349
364	63	0.000147349
64	64	0.545184
64	65	-0.243857
65	64	-0.243857
64	66	0.016673
66	64	0.016673
64	359	-0.0443015
359	64	-0.0443015
64	360	0.0709746
360	64	0.0709746
64	361	-0.00335535
361	64	-0.00335535
64	362	-0.0222534
362	64	-0.0222534
64	363	0.00458032
363	64	0.00458032
64	364	-0.00103727
364	64	-0.00103727
65	65	0.776923
65	66	-0.392076
66	65	-0.392076
65	359	0.0186389
359	65	0.0186389
65	360	-0.101708
360	65	-0.101708
65	361	0.106769
361	65	0.106769
65	362	0.021233
362	65	0.021233
65	363	-0.0421947
363	65	-0.0421947
65	364	0.00164499
364	65	0.00164499
66	66	1.01869
66	359	-0.000982138
359	66	-0.000982138
66	360	0.0434241
360	66	0.0434241
66	361	-0.162068
361	66	-0.162068
66	362	-0.00676774
362	66	-0.00676774
66	363	0.0470873
363	66	0.0470873
66	364	-0.00130533
364	66	-0.00130533
359	359	0.0214438
359	360	-0.00209738
360	359	-0.00209738
359	361	-0.000226985
361	359	-0.000226985
359	362	-0.000407743
362	359	-0.000407743
359	363	-0.000340082
363	359	-0.000340082
359	364	-0.000207295
364	359	-0.000207295
360	360	0.0440091
360	361	-0.0112748
361	360	-0.0112748
360	362	-0.00257791
362	360	-0.00257791
360	363	-0.00126831
363	360	-0.00126831
360	364	0.00351587
364	360	0.00351587
361	361	0.0653145
361	362	0.00115957
362	361	0.00115957
361	363	-0.00440365
363	361	-0.00440365
361	364	-0.0023924
364	361	-0.0023924
362	362	0.0137276
362	363	0.00287123
363	362	0.00287123
362	364	-0.000313211
364	362	-0.000313211
363	363	0.030276
363	364	-0.00172897
364	363	-0.00172897
364	364	0.0096082
2	2	4.45401
2	63	0.41987
63	2	0.41987
2	64	-0.0625598
64	2	-0.0625598
2	65	-0.0113904
65	2	-0.0113904
2	66	0.00422377
66	2	0.00422377
2	3	-0.347248
3	2	-0.347248
2	71	0.439868
71	2	0.439868
2	72	-0.0320242
72	2	-0.0320242
2	73	0.0059411
73	2	0.0059411
2	74	0.00232578
74	2	0.00232578
2	67	-0.559883
67	2	-0.559883
2	365	0.0146945
365	2	0.0146945
2	366	0.00141592
366	2	0.00141592
2	367	-0.00115946
367	2	-0.00115946
2	68	0.0636197
68	2	0.0636197
2	368	-4.45441e-05
368	2	-4.45441e-05
2	369	5.2203e-05
369	2	5.2203e-05
2	69	-0.0111756
69	2	-0.0111756
2	370	-2.21687e-05
370	2	-2.21687e-05
2	70	-0.00739457
70	2	-0.00739457
63	63	0.697387
63	64	-0.23577
64	63	-0.23577
63	65	0.0239477
65	63	0.0239477
63	66	0.00331886
66	63	0.00331886
63	71	-0.032363
71	63	-0.032363
63	72	-0.187795
72	63	-0.187795
63	73	0.00829061
73	63	0.00829061
63	74	-0.00276021
74	63	-0.00276021
63	67	-0.087139
67	63	-0.087139
63	365	0.0441237
365	63	0.0441237
63	366	-0.00625976
366	63	-0.00625976
63	367	3.9445e-05
367	63	3.9445e-05
63	68	0.133581
68	63	0.133581
63	368	-0.00409292
368	63	-0.00409292
63	369	-0.000455036
369	63	-0.000455036
63	69	-0.0150944
69	63	-0.0150944
63	370	0.000237849
370	63	0.000237849
63	70	-0.000195959
70	63	-0.000195959
64	64	1.17942
64	65	-0.566369
65	64	-0.566369
64	66	0.0495654
66	64	0.0495654
64	71	-0.0771039
71	64	-0.0771039
64	72	0.130867
72	64	0.130867
64	73	-0.27544
73	64	-0.27544
64	74	0.0137255
74	64	0.0137255
64	67	0.0430333
67	64	0.0430333
64	365	-0.0515716
365	64	-0.0515716
64	366	0.0943494
366	64	0.0943494
64	367	-0.00912229
367	64	-0.00912229
64	68	-0.096155
68	64	-0.096155
64	368	0.0275873
368	64	0.0275873
64	369	-0.00734471
369	64	-0.00734471
64	69	0.0146152
69	64	0.0146152
64	370	-0.00209642
370	64	-0.00209642
64	70	-3.14903e-05
70	64	-3.14903e-05
65	65	1.70798
65	66	-0.897624
66	65	-0.897624
65	71	0.00572688
71	65	0.00572688
65	72	-0.132066
72	65	-0.132066
65	73	0.294302
73	65	0.294302
65	74	-0.353591
74	65	-0.353591
65	67	-0.00329157
67	65	-0.00329157
65	365	0.0214271
365	65	0.0214271
65	366	-0.12064
366	65	-0.12064
65	367	0.140658
367	65	0.140658
65	68	0.0255484
68	65	0.0255484
65	368	-0.0256298
368	65	-0.0256298
65	369	0.0536741
369	65	0.0536741
65	69	-0.00676549
69	65	-0.00676549
65	370	0.00286639
370	65	0.00286639
65	70	0.000331115
70	65	0.000331115
66	66	2.25405
66	71	0.000196629
71	66	0.000196629
66	72	0.0106516
72	66	0.0106516
66	73	-0.194111
73	66	-0.194111
66	74	0.452085
74	66	0.452085
66	67	-0.00121942
67	66	-0.00121942
66	365	-0.00188399
365	66	-0.00188399
66	366	0.0508519
366	66	0.0508519
66	367	-0.194032
367	66	-0.194032
66	68	-0.00131558
68	66	-0.00131558
66	368	0.0081618
368	66	0.0081618
66	369	-0.0576925
369	66	-0.0576925
66	69	0.00142764
69	66	0.00142764
66	370	-0.00176813
370	66	-0.00176813
66	70	-0.000369875
70	66	-0.000369875
3	63	-0.228814
63	3	-0.228814
3	64	0.0137471
64	3	0.0137471
3	65	-5.71224e-05
65	3	-5.71224e-05
3	66	-0.00110496
66	3	-0.00110496
3	3	0.749187
3	71	0.110616
71	3	0.110616
3	72	-0.0112625
72	3	-0.0112625
3	73	0.00161387
73	3	0.00161387
3	74	-0.00010362
74	3	-0.00010362
3	67	0.166982
67	3	0.166982
3	365	0.00583914
365	3	0.00583914
3	366	-0.000106581
366	3	-0.000106581
3	367	7.52467e-05
367	3	7.52467e-05
3	68	-0.0133712
68	3	-0.0133712
3	368	0.000308756
368	3	0.000308756
3	369	0.000347115
369	3	0.000347115
3	69	-0.00203658
69	3	-0.00203658
3	370	-0.00051727
370	3	-0.00051727
3	70	0.00192556
70	3	0.00192556
71	71	0.31936
71	72	-0.10359
72	71	-0.10359
71	73	0.00937316
73	71	0.00937316
71	74	-0.00131806
74	71	-0.00131806
71	365	0.0186716
365	71	0.0186716
71	366	-0.000554696
366	71	-0.000554696
71	367	-0.000293925
367	71	-0.000293925
71	368	0.000486035
368	71	0.000486035
71	369	0.000226285
369	71	0.000226285
71	370	-8.6846e-05
370	71	-8.6846e-05
72	72	0.535704
72	73	-0.244895
73	72	-0.244895
72	74	0.0191369
74	72	0.0191369
72	365	-0.0655472
365	72	-0.0655472
72	366	0.0476683
366	72	0.0476683
72	367	-0.00325434
367	72	-0.00325434
72	368	-0.0172296
368	72	-0.0172296
72	369	0.000783739
369	72	0.000783739
72	370	0.00137439
370	72	0.00137439
73	73	0.77219
73	74	-0.38904
74	73	-0.38904
73	365	0.0330427
365	73	0.0330427
73	366	-0.13119
366	73	-0.13119
73	367	0.0810768
367	73	0.0810768
73	368	0.0162298
368	73	0.0162298
73	369	-0.0330959
369	73	-0.0330959
73	370	-0.00155167
370	73	-0.00155167
74	74	1.01724
74	365	-0.00206197
365	74	-0.00206197
74	366	0.0694177
366	74	0.0694177
74	367	-0.19723
367	74	-0.19723
74	368	-0.00512317
368	74	-0.00512317
74	369	0.0363683
369	74	0.0363683
74	370	0.000415994
370	74	0.000415994
67	71	-0.202464
71	67	-0.202464
67	72	0.090102
72	67	0.090102
67	73	-0.0076507
73	67	-0.0076507
67	74	0.00120586
74	67	0.00120586
67	67	0.338882
67	365	0.00668916
365	67	0.00668916
67	366	-2.59155e-05
366	67	-2.59155e-05
67	367	0.000526938
367	67	0.000526938
67	68	0.0264401
68	67	0.0264401
67	368	-0.00214883
368	67	-0.00214883
67	369	-0.000324858
369	67	-0.000324858
67	69	-0.00011333
69	67	-0.00011333
67	370	6.06427e-05
370	67	6.06427e-05
67	70	0.00675381
70	67	0.00675381
365	365	0.0222842
365	366	-0.00526042
366	365	-0.00526042
365	367	0.000527438
367	365	0.000527438
365	368	0.00125566
368	365	0.00125566
365	369	-0.000406486
369	365	-0.000406486
365	370	-0.000293549
370	365	-0.000293549
366	366	0.0480852
366	367	-0.0169295
367	366	-0.0169295
366	368	0.00366264
368	366	0.00366264
366	369	0.00260567
369	366	0.00260567
366	370	0.00390822
370	366	0.00390822
367	367	0.0737974
367	368	-0.0017003
368	367	-0.0017003
367	369	0.00647689
369	367	0.00647689
367	370	-0.0027514
370	367	-0.0027514
68	71	-0.0934747
71	68	-0.0934747
68	72	0.0671906
72	68	0.0671906
68	73	-0.0201822
73	68	-0.0201822
68	74	0.00370336
74	68	0.00370336
68	365	0.0203611
365	68	0.0203611
68	366	-0.00661689
366	68	-0.00661689
68	367	0.000412899
367	68	0.000412899
68	68	0.398418
68	368	0.0201426
368	68	0.0201426
68	369	-0.00085598
369	68	-0.00085598
68	69	0.0456176
69	68	0.0456176
68	370	-0.00273986
370	68	-0.00273986
68	70	-0.00152217
70	68	-0.00152217
368	368	0.0137073
368	369	0.000756142
369	368	0.000756142
368	370	0.0011787
370	368	0.0011787
369	369	0.0308876
369	370	0.00255834
370	369	0.00255834
69	71	0.00602975
71	69	0.00602975
69	72	-0.00290655
72	69	-0.00290655
69	73	-0.00193121
73	69	-0.00193121
69	74	0.00268828
